train_subjects
50416
50368
50346
50386
50362
50325
50284
50308
50422
50326
50321
50312
50411
50320
50376
50274
50360
50410
50418
50399
50273
50300
50322
50402
50272
50343
50374
50650
50277
50373
50413
50405
50330
50328
50370
50397
50336
50387
50301
50291
50414
50356
50415
50407
50372
50331
50380
50298
50290
50426
50385
50315
50378
50361
50287
50367
50294
50319
50295
50338
50375
50371
50344
50381
50337
50419
50412
50365
50425
50276
50306
50324
50307
50369
50347
50382
50339
50377
50427
50391
50288
50379
50332
50345
50406
50299
50283
50355
50289
50341
50359
50302
50280
50311
50334
50340
50354
50327
50297
val_subjects
50304
50313
50314
50317
50404
50293
50296
50424
50292
50403
50366
50421
50318
50350
50358
50657
50342
50329
50357
50388
50390
test_subjects
50417
50316
50279
50333
50352
50351
50335
50428
50364
50383
50310
50353
50278
50363
50645
50275
50282
50349
50286
50281
50348
50285