train_subjects
3801282
5994161
1259119
4274422
5720724
5544221
2381613
2834458
3724635
4067339
5356770
1840759
3701977
1691833
2311935
3890512
5241114
5580277
4615266
2541145
5753346
1405563
3185768
3564710
5125661
5609221
4593508
3209128
1963078
1606310
1390937
3029461
2487160
1162416
2161605
3121763
3788395
1935131
2651734
1231280
1578771
2703722
2592187
5811832
1923215
3226640
1211740
1169499
3796102
5540149
5828498
2254054
5229249
3643108
4561621
5092158
1273810
2651415
3209284
3670142
1749915
3896750
2271838
2389717
2716216
3872251
2598002
1613386
4247868
4614460
5942502
1711656
5774954
2136821
3249587
5570913
4383112
1269884
1352209
2296575
5163613
3293748
4952747
3711598
1666786
2850587
2450638
5309140
5164886
2895265
4524237
3105471
3807191
4611151
2830009
5268958
5612667
4085315
2102443
1232946
5962267
4263190
5616123
2988232
3788162
5585255
5623149
2311960
2612413
1960506
1135519
3383159
5700098
2777109
1062500
2131083
5868770
5427379
2505384
3625255
4854790
3265738
4018733
5943989
3252809
5713336
1959916
3323611
5709743
4435756
3059957
4378033
3681779
3371254
5139435
2361208
3700224
4063479
1178220
2943598
4746122
5558356
5649981
5893911
2853751
2364878
4944288
2576967
5860921
5921226
4589429
1295499
3875103
4289385
4168906
5827974
3459471
4200895
4974661
5731170
3421715
2222792
1196029
1917506
3613836
1860047
3779733
1531349
1729513
5348286
2896583
3156056
2439117
3241425
4023158
5116483
1614932
3057195
4939910
5059975
4975486
5204463
1401540
2994170
2836460
4594528
4683499
5029564
1708659
4022377
5385462
5173555
1008142
4512826
3816755
3275664
3429413
3757984
1599466
1682449
5692221
2658892
2697270
3642401
4581254
4877953
4788613
1421806
4333305
5573374
5832890
1850399
3188071
4897994
5518934
5258422
3304801
5056725
3425465
1656227
1922810
2250934
2915650
5590202
4962463
2919789
4390927
4576928
2466295
5797450
2674940
3651915
2878910
3712057
2291646
3984225
3487356
2832524
3249768
2882303
5629143
5651499
1719603
2477326
2497208
2147770
3294012
1337427
3990865
4295545
3898668
3664561
3523083
2142453
3040421
4349961
5324661
1288524
3391506
4905428
3211417
1968633
5702746
2142173
2538008
4120520
2376356
1781301
1567945
1621928
1216780
2226053
4463437
4305091
1297470
5586118
1182163
2853823
2885629
2222043
3727928
5058056
2939489
1606560
2780671
1681721
1261578
1083682
5137361
1848787
5743868
1665016
4225346
5334115
1687602
3366130
1616590
4248192
1280238
4586948
2604716
5262372
5564183
5584690
2964958
1139192
5103052
4362060
5700218
2610787
2093974
1103682
5178918
5522774
2495667
2770649
4186456
3899203
3613527
5661113
3400314
3081128
2330025
2492610
3846836
4706649
2416117
3628116
5855627
5635993
3120680
4402381
3916990
5463109
1815130
3095011
3936971
2370427
5148142
4915128
2120003
5549327
5755143
2313850
3824865
3700881
2430057
2650869
3691932
5753268
3877017
3983169
3331505
4365464
1481704
2848017
2305789
3807152
3212959
4872294
3725182
4742612
2564118
2207794
2599343
4526532
4395708
1012410
1229072
4184363
3213178
3271440
4447872
5148319
6013109
1233222
5803625
2105596
2036395
5948343
4043810
3626087
4016446
2781702
2040388
4038728
2160978
4042310
3325900
5699357
1347497
1147782
3128029
3407745
3838932
3347004
4134294
2257576
1413914
1791295
1312680
2529985
5548705
2778703
2757127
3765664
3073448
3869317
5723986
4255760
6022092
4567190
1574086
3303288
1071202
1562297
1879929
3333625
4049787
5133212
2463368
2975803
2777098
3776388
5893659
2635115
3297291
5419873
4290709
1287594
2813374
1128997
4570592
1435494
3902163
1791500
2186591
4611377
5765678
1753185
3732433
1126580
5089527
2368120
4197598
5696152
1718059
3848505
4769394
2228932
5162639
4025726
1358973
2146855
4519877
1394552
3375410
5955274
1833201
3095541
3608935
1298380
2285785
4661120
4188490
4930065
2986893
5289884
2446991
3913076
2606169
2966715
3950141
2673786
1330468
1108382
4785182
1042475
1452334
4695985
5985928
2638529
4057790
4152267
1556738
3767427
2514598
3640143
2385639
1623066
3959003
1683469
3808278
3682173
2859428
5455366
1901619
1300363
5288162
1791152
2074069
4639169
3936168
2078495
2967404
4069278
1764777
1489193
1931335
5928954
4803519
1986700
1996385
3365755
5226520
5222986
5711016
3799777
1076931
5749534
5416549
1916094
3404422
1429288
1838900
2716589
3473020
4265465
2329966
2746925
1180451
5466046
5183729
5285722
4549020
3312610
1981475
1359180
4198993
5080883
3504305
2213944
3632200
5410567
2296633
3776984
1533881
5279898
4063054
5967503
5719544
3652884
2686123
2012552
1737030
3002934
1318127
5918408
3735601
1125191
1383275
2000150
1593754
1808140
4522369
3857751
3087317
3450923
2645419
2067880
6015312
2778248
1704578
4278043
3815817
3484594
2798644
4065059
4293824
1760297
1003982
2984791
4104368
2080795
1659690
5856981
4193760
1859432
1063140
4770513
1561907
5105913
4835597
1627193
3214772
4742650
5078107
3615534
5302542
5754663
4063613
1742712
5327870
4481696
5250384
4112471
1096543
5338246
2286229
1371123
1756442
2382684
2223800
2420216
4722482
3304337
3137914
5367541
2254570
3732314
3739204
2881116
2735579
2543581
5077170
3685069
3735466
2550399
1364402
2376301
1266791
4877349
5957413
4467505
2058082
4785846
1646419
1856162
3373485
2905830
2615088
1160317
5661454
3489190
1468631
3123700
3798772
2502681
2602671
2991216
3672137
2605448
5576242
3383531
4351545
4625299
5371342
1633815
2422482
2181648
3475965
1705438
3792072
2601887
1723750
5124642
2020630
3194070
5533560
4074188
1543882
1051281
1988663
3403856
1400333
2337186
3298175
5539830
2398155
3311534
5987953
4298401
2502242
5988924
2983762
5270830
4154584
3968144
2586259
3151262
3724210
2625069
5897077
3024278
5921953
5642343
3444128
1787768
1255780
3881732
5839095
2524435
2760906
3962849
4016770
4294136
2366121
3347467
4552278
1681176
5242092
2234578
1614202
2069207
4353517
5694862
2299423
3696957
2294932
1812738
2286480
1283245
4271127
5498161
2712544
1504076
1626860
3671546
3053232
2737031
5861439
5033482
4078323
1706160
4949800
3666671
5134210
2956059
1901274
4390359
2743565
4940108
2098433
5814051
5885133
2138814
5700882
3567989
2708972
3266929
5195632
5731893
5292024
5131216
4908352
2993870
2992254
4078592
5664957
1731389
5161306
2746037
1065816
3222250
1990503
5552677
1457418
4013883
2927282
1300057
4290644
3709803
2918335
1416945
4261909
2637122
2811474
3200903
3755616
2230210
3478245
1804949
1885615
2096920
5853964
2846314
2163524
6014392
2360307
4781397
5754923
5931523
5624830
3014237
2543782
1205521
5288781
1598375
1990214
3006266
5151457
2252547
5345631
4109053
2189024
1267354
4407201
1033733
2453123
6013407
3393225
4201698
4784228
3036054
4350399
5168563
3248890
4412490
2750315
5627207
5052810
5684389
4697445
1450414
4119684
3460287
5212251
1943585
1074549
1501538
4929249
1283129
5018609
5390049
1408472
4768296
4015161
3126082
3065328
5533334
5137637
1218789
1818825
3604016
5355884
3363868
2467320
1217332
2369563
5284809
3285442
1811163
4181377
5130692
1017890
1750349
4035550
4209987
2635564
1733847
1573700
1462220
2505540
1254147
1757139
4840051
2086261
1763429
2623352
3140065
2967984
1851251
1421018
5144096
6018104
2368211
4219446
2666773
4910767
5052607
1642138
1907890
2249030
4615606
5335188
3185332
2971901
2629764
3339235
1334909
3421338
3748934
4578870
5783752
2880600
5688673
1684985
4842115
2665270
5242837
4409790
5911018
4843004
4635222
1844308
2379255
4636506
5574985
3975290
5325228
4138356
4518364
1212681
1912798
2441157
1617724
5597073
1772116
5250368
5413461
5841707
2101294
1621393
4463173
4862904
5299623
1229055
5715321
4487677
1665522
4371951
2136294
3472691
1441165
1092906
1109233
5717705
5500977
4655020
5621090
3052346
1706831
2937161
2074801
2002679
4724912
2427590
3502099
1676405
5752080
4271151
2568520
3949968
3342291
5856474
3350866
3669060
1909592
4421900
4832374
5383014
5589111
2015981
1199505
1118553
3601462
5063633
1307572
2719725
4800771
3389477
6022757
2580920
1431079
3040058
1833711
1414511
4214872
1498577
3497480
4524311
3317119
4098964
4581052
2502834
4730066
1543653
5776877
4809180
5709777
4947466
5809297
5343638
2321329
2781292
5152538
3748808
3873359
2496508
1190036
5442080
1475153
4274113
4496173
1870834
6001558
3892590
1999563
1972883
4345365
1709120
3957238
4118817
4337115
5620473
5571020
1684767
1946264
4709610
2349259
3034586
3524376
2951127
3038010
3778429
4956212
3604376
5951282
2016823
2246710
1296197
3834960
1056991
4325107
2869322
1939545
1033821
3860841
4913164
1753449
3985787
3253253
2636343
3112876
5686332
3493857
1451855
4020903
5084639
1950778
4008945
1401254
3241849
3901817
2380923
4834101
4630178
5081982
5772894
2659564
1246185
5122173
4957123
1080342
3394062
1397992
1088889
5081055
1076754
3677798
4805038
4060985
2282092
1795420
5295069
5076249
2767315
3558707
5346882
3257345
2853247
5147420
4554947
4799361
4568872
4825487
2833115
5666120
3822387
5445198
1815036
4414740
2653168
1487268
3196749
3445220
2942830
3424261
2829162
1587494
1737618
5153530
1720946
2112965
4962525
5472546
1575286
5465024
1513572
4219023
4649835
4797231
4106404
6025016
1414400
1013763
4831305
1695584
2717431
1201401
2249410
3094675
2398618
3068538
4324569
5964680
5117439
5496894
1367649
4773597
2231691
4376785
4009382
4585325
4713923
4315225
2340829
4677773
2042935
5294479
2886659
2654558
2323755
3054831
1364089
4940748
2873594
2036235
3033271
5999404
5884728
2946101
5976187
3367111
1887607
4564778
2826426
5970182
1931059
5090515
5980726
2701340
4128975
5460156
4012536
4592911
5722403
4845951
3070021
3166965
3748928
2199443
2810472
4241146
3336670
1611044
2964062
3689798
3453203
5702055
1565691
5021248
4373530
3415723
1528335
3812371
2255465
5313966
3321819
1283588
2793569
1822380
4227735
1293613
3965507
5244698
1882643
3766925
4816450
5311252
5141090
2796902
2966380
4887052
4060971
5413345
3646729
4700547
3326627
5733810
3716773
4672337
3349978
1748352
2254656
1239530
1671946
1561145
2428484
3158783
3719337
3540020
4899842
5039246
3905218
1574458
5752772
3365772
5171460
3291648
3499723
3375853
2030685
4388659
4147253
4633762
4512930
1651825
2292352
2775878
1873090
4397742
3541355
1884583
1629163
5857537
1802735
3279669
3954522
1174288
5448026
2575698
1997004
5624926
3962128
1184401
1589996
4720536
4542585
2610293
4338446
3279835
1798112
2214663
4147456
1271918
3279564
4222344
3164140
4301065
2897069
3104996
1107126
2333147
3609707
5300453
5043808
5085974
1658037
4908560
5812218
1274873
1880195
2198064
5524550
4121494
5669749
5492528
2104550
4644766
2945027
1074971
2804722
5296985
2106674
1026826
5614337
5155249
1088331
4357785
1856594
3795842
3607520
2511400
1370287
2527642
1632141
1027743
3641726
2364835
2161079
1395925
3948743
5462405
3856256
2121477
3712167
4844364
3876987
3296528
4481526
4816276
5758081
5336440
4038200
2550895
4656792
2697253
2555769
2630877
4051502
3552439
3691555
3854276
1407742
3423535
1620589
5663615
4440177
1961219
3404040
2597933
4975477
5708968
4260336
5292876
5757328
1177680
2917689
2146323
4381447
5739537
2087712
5592703
3232630
5852909
3902762
3014499
4448016
3317665
2746303
2823362
4836311
4150220
3092373
1369749
4388239
2778529
2182062
4566624
3026968
3734312
3999843
1598381
2378612
2855746
2124500
3255200
2775462
3727419
4104278
1337880
5786324
4832049
5438945
2064065
1539689
1277496
1051038
3345760
1534718
3651416
3073956
2234805
3320711
4084921
4069430
4034340
4269500
5184337
4116899
2440308
4077796
1603075
5717145
2136352
3077768
5429402
2704806
4858048
1834059
2349928
3545287
2185124
5243185
3498689
2947506
4055113
2113082
4455016
4848394
2090355
5904690
5368419
4848234
4196590
5601651
4982701
5782972
2660904
5483308
4634304
1830648
5484356
5907649
2881861
2744870
2949484
4163519
4214742
2374322
4672209
4429894
3348790
4146046
5485390
4859215
2134338
1194633
2910845
4493205
5196150
2109367
3147029
4594677
2498394
4011302
3130897
1795327
3920552
3565594
4656086
3952885
1840913
1288268
5089985
4896567
1545571
5981394
3294233
1197689
3883462
1039062
2450248
3148421
4001017
2504674
1793356
4526590
2487098
4913139
2029422
3271832
1128532
3815382
3278958
1480326
1508343
5430281
2577856
4854566
5688215
3739969
1285390
1508520
5734926
3054271
4388277
4171133
5456772
4630043
4648187
5405968
5974753
4455877
3844060
1244114
4401897
1332005
2552123
2679823
2966476
3023082
3114832
6013538
2281114
1220431
2047494
5816037
4971706
2751244
5728393
4440745
5404725
3558579
1333412
4624941
2558962
5831882
5242342
5314593
5671645
2420071
3044864
3141390
3030156
2241560
4361426
5696295
3899153
1545225
5826260
2799493
5460900
5702834
4480952
2930694
3337760
4974278
3325885
5605722
1986290
4280406
5392878
1336208
3237108
5070466
1446666
5060175
4055454
2726595
5672820
1613518
4960931
1946794
2728341
1493240
1117300
3071374
4553445
3638979
5203433
2567155
5438653
5450743
1886111
5902761
5258650
2384960
1805430
5027744
4150109
5136783
5365839
4279184
5553186
5311635
1612376
3635551
4132702
3327693
1027548
2170007
4695872
2650559
3212394
2510993
1234142
1116151
1743652
4080975
3470837
1075748
4933623
1126668
2356652
2646476
2443710
5565073
3415671
4644221
3664191
1140229
4021544
3918432
4777079
5063049
3179177
5961367
2046071
3962152
2354744
5106268
3866856
4082516
2602136
4223224
1663964
5951821
5812005
4559319
4997552
1378911
5086311
2009173
2594538
5121633
3708627
1649465
3114656
1237457
1084213
2253796
4315596
3438516
3667564
3341759
1873276
4853332
3300047
4202404
5490116
5234377
2977103
5378652
1278167
2118305
3656020
4590902
2243730
5367699
2196786
5438501
1143820
2072734
3790336
2120707
5595918
3682632
1153749
1291404
5063868
3216863
2692565
4215471
6023825
3688748
2308745
3355531
4711635
3310685
4722494
5553236
5370730
3645172
1986505
5982901
1903856
5914611
3496333
4112080
1720620
3189420
4017405
3124765
3359169
4265842
5192102
5639521
4089649
1690659
2483239
2775883
3115998
4790434
2272284
5826726
5732821
5736399
4929174
2013046
2423862
1332481
3938645
4205703
2441577
2009274
5029263
3406679
3753127
2850273
2716442
3220748
5526121
2756064
3926826
1265106
5765276
5676714
4772470
1442575
4364337
3691593
2417140
2210006
3023621
1606231
5219880
3673695
4649140
3399255
3159493
2295122
1727231
5717071
5461839
1331502
3383842
5994250
2494321
4706999
3298627
1360911
2511144
5249170
2912064
1498067
4655499
3366256
1991762
3636902
1633218
2871238
3232472
5254467
2352951
5040435
3922153
2781180
5880122
2920189
1348687
5192308
1191362
2171080
4888322
3668031
5903786
4626011
2107500
4107221
1331553
5486606
5316367
4769872
1002053
3316414
4908877
2402952
5440723
4066629
3942086
3287778
3272637
4525324
2435852
1765879
2420750
1925159
3254299
3505009
3113796
2174733
4672297
4502291
1728276
2684672
1719521
5911202
4555700
5480151
4415319
1278358
3237687
5482653
1203782
2291855
4226788
1895853
3277488
2431448
3086441
3327943
2549528
5879193
5909987
1473057
4905723
4079098
2753078
5275725
2136877
1786203
3692689
4065623
4777326
5808027
4360561
4541161
5197311
3828199
5505706
5342227
4206254
4795667
3316531
1238952
5996886
3841740
1406961
5750558
1394411
4808121
5834370
5965781
5372312
5718302
3936678
3562470
3403260
1731991
2727335
5507995
1285729
3442037
3861948
3087727
5600288
2625104
4540475
1923181
4746714
5969335
2378319
2259932
4914913
4512703
2886618
1760171
1091773
2103928
1385935
5935526
1191494
3554115
5366335
2422656
5547196
2548479
1776385
1566596
2315449
4492842
3628855
2679668
2773428
2523278
5565172
1629068
1772918
5136834
3449371
3797113
5129059
5434847
2994824
1778209
2598805
1742694
5688649
3691059
3872057
2057761
1236499
5287322
2854691
1812357
3569892
2841444
2752031
4535066
2960744
5113505
2087270
3954606
5137154
3989043
1884578
2594154
1823636
4962300
3415301
5588129
4584259
4528174
3993358
3844699
3696299
2057166
2835172
4457198
5636688
4716428
5830608
5113984
4668673
3704714
2144347
5980617
3539722
2808918
3224101
2205379
2781015
3964513
1744641
5595129
4548365
2138311
2188461
2898295
4380032
2813410
3206168
1134039
3090884
3831466
3643687
2213631
3024689
3113597
5881575
2041072
3287201
5622925
4961224
3188958
2681641
3765326
1620103
2010889
1763386
3001973
1193203
2675728
1205995
5132118
2521495
5951864
5840347
1068839
2708862
5044941
4880165
2673615
1306992
5903640
2471997
1462077
2003459
2294322
3929544
5577866
3128665
1992443
2573287
2190822
5441292
3609427
2429424
5278681
5032552
3942039
2924585
1705152
4982405
4250454
1951035
4692415
1605454
3899971
4589339
4667701
5465089
1299368
3384650
3376643
4901661
3026700
2402463
5172586
5681693
2734826
2659543
3774540
3933215
5936859
3824739
3493218
2589874
1865287
1221867
1275178
5521805
3455871
3948932
5485460
1518464
3797924
4364211
4682811
5978043
4572924
3519273
3264775
5293925
1621879
2030367
1401655
3686184
4545159
5793512
5632233
1001742
3597246
2958043
5059438
4263303
3926105
3949207
4054367
4353827
1644597
2030757
2125393
2306089
3058762
1871293
1821089
5765129
2166341
1409931
3999718
3921455
4516854
3054183
3891036
2128702
5658927
4079160
2980220
4941562
3527994
5448855
3058181
4017477
4385517
1368872
1729109
1924537
2783216
3648578
3941046
1227654
4132818
3284938
2092048
3809558
2860542
2496719
5529445
4912650
4854091
5515266
2498611
5730341
2433475
1757819
2402218
5337033
1160808
1304275
2951810
4431475
3625680
1306844
2732484
5061346
3150798
4848920
5018102
2768119
2048934
5669300
5451815
4130210
4397893
2215320
5108928
3344244
1289883
3718212
2986609
3758273
5836916
2373495
2156364
3424479
4483107
4877166
4240033
2669763
3138751
4284572
5305804
2849240
5216525
5465106
5169813
1695826
3095408
2538409
2260489
5579292
1636362
1846681
2993575
2789432
4407658
4492582
5891888
3062922
4969669
4446363
5283857
1504986
4430096
2060619
3762355
1885018
2566001
3809277
3728906
2247309
3239139
4873017
2272413
5679594
3081216
4502609
5284179
5560710
4979796
4837638
3433575
3154028
2917950
4787580
2152594
3090088
2648768
4326555
3954282
2608714
2509425
5297422
1921006
2520404
2100251
5546864
5420359
2137370
1279415
3652911
5662418
3662630
5069435
1415152
1505872
3788939
4840837
4753115
4172873
3252219
5383558
3255553
2350981
3670460
1726028
3087220
5639902
2788738
2252017
5830191
4416175
4657834
2861403
3836974
2015865
4409672
2119455
2352826
4164210
3731702
1592303
3029029
3902886
3994451
2321899
5149625
1561378
2700003
5438135
4376546
4020501
3639119
1412534
3336903
1539600
4928680
4385378
6022325
2128273
5157579
5849675
4051479
3673426
4374708
3780411
5168884
3737448
3385369
1275463
2059217
2191106
3798953
2841668
2748335
1861808
5322553
2174223
4698201
2991383
1285015
3100282
4416913
3656589
5866526
1936797
6013348
5322396
3930991
4611547
5936094
1102941
1123320
2871339
3884831
2695441
4418268
4741652
2551319
5220630
5655700
3538980
1313569
5074355
4844377
5945742
5084503
1937882
5685563
3426141
3318170
3501768
2287699
5283296
5641014
5383161
4401025
2061272
2190854
3385720
2100552
4252904
3210503
4354504
3883365
5135496
4072669
3947964
2462399
5312877
4237918
1991938
5913870
5796664
1499500
2863436
3627805
2557913
2318505
4195432
2096315
5303116
5186388
2140934
1806116
5985727
3240144
2693574
4378311
1590045
5872549
1671342
3806105
1187736
5366851
2138145
4014204
2702266
1279255
2657185
4052463
3748021
5424077
1666378
1812904
4946990
3058352
4069523
2807956
5461163
4227663
1137985
5372585
1606095
2726060
3400349
2067998
3785810
4016460
2858488
2654837
2925667
3146867
4198180
5869415
5143441
3975001
1314091
3392257
3329628
6016396
1050985
1944975
5471026
2993403
3186630
5799803
3208226
1638856
2013479
3018847
2183645
2923309
5320134
3663778
3953973
2930322
3180484
5724156
5243921
3537959
4946907
5794285
4612558
5576711
3951968
1020804
1604581
5221480
2047198
5593729
3213567
4259148
3613767
2286071
1782607
4906552
2072440
4916109
1379912
3823828
3757056
1019379
3386830
1156186
5907369
2794689
3642679
1796149
1627620
5331493
5381322
3962176
3976562
2424302
3033987
5616056
5761629
4162222
3465589
5400417
2307567
3609147
2237299
5219566
2997135
3072644
1906229
1270120
1292605
5496808
5927225
1266011
3803271
1371984
2428596
4032406
4120437
4366897
3996634
5912395
2740093
2874847
4869526
3708967
3106957
2939665
3929575
5502037
5121092
1218736
2895961
3855244
3518022
4595461
3365232
3570013
1778867
2492067
2692228
3256427
1922711
1880357
1985824
5014495
3042612
5115685
1699637
2692116
4749353
2003984
3877533
5700976
2854897
4841023
4725654
1797005
5916238
3418839
4599756
2630472
3787335
2900959
1216985
1706355
4445526
3645853
3082147
1267830
4743078
5431607
2013537
1399439
4015434
1970155
1872481
3190421
1515502
1707343
5185252
3012352
2839089
3202887
4165365
5754130
2737917
4934343
4009683
3389565
4769889
5315389
1779380
4474748
4943874
4191252
1209101
2846281
4260857
5923022
5764010
4457881
3990623
3950609
2950628
3660636
4965015
4282352
3723802
5881659
2155330
5695070
2490088
3681519
4186335
5103076
2803712
2203082
2420608
2466176
4568464
4788656
4536455
5776310
2956827
5364770
4661508
3571114
5929781
2690650
1182805
1994809
5087502
2535098
2137353
2717362
1636502
1653207
2184111
5281132
5659180
1465972
5828573
2983627
5829695
1486097
2820780
5579249
3848835
2565872
3940596
5637977
3632482
5000750
3269016
1128895
4327396
4605765
3184954
3072834
3259135
5367819
4456456
3682165
3708614
1509400
3106797
2779206
1723268
1474744
4981387
1905489
3919971
5524505
4002911
1399379
4955475
1147403
3884602
6006836
4828352
5841076
1548159
5091357
4022845
3487526
4710921
1706952
5876396
1138812
1891998
4753835
4711026
4467179
4890421
5527608
5448044
1708014
2092520
4246001
2484394
5918083
4378873
3003063
4296163
5512264
4729240
3083264
3804687
5270777
1375047
3031345
4498333
4207294
4043274
3826983
3087407
5041215
1881140
5520142
5923482
1431729
4783816
3661486
3610201
2170477
1870072
3503798
4921932
2567868
5528211
3364379
2911396
3821153
5685356
5558757
1977461
5569106
1516540
6005104
1162619
2568151
1305312
1757638
5433600
3320797
5726110
3389357
2545182
1159633
2798377
5200949
3731820
4215219
5462276
2140556
3392886
4054434
1044124
5159953
4147944
4833781
2469971
3981948
4676711
1480639
5908799
2511956
1510558
3198978
1377722
3050457
2521398
1664174
3983743
1868709
5907037
2173347
4717038
1249882
3498950
5451348
2522618
5609088
5925467
5914855
5859893
1275788
4295156
2102514
5564146
1010676
4856392
1684959
4427119
1356106
5997222
4481092
4324288
2486783
4852224
2695036
3311094
3375782
3601290
2445103
3649416
2941465
5846180
2229232
5145945
2362129
2002721
3484222
3514855
4339930
4360907
3327594
3885065
5718964
2022655
2592524
1799180
1146207
3210167
2703130
5406803
3598033
1855457
4885859
1841202
4952345
2761842
4455334
5614028
1529822
3468731
2176432
1027712
2918640
2371800
4024570
2106457
1221813
3180559
5394495
5510586
2117779
4653988
2012227
3683733
1058723
1601385
2821275
3060042
2865856
1495159
2833365
3417660
5883535
4222871
3411430
5719342
3345192
5727408
3648509
1322107
5200769
4361463
4761803
1742593
2162789
5974319
5385598
5324825
3488173
5655290
1090975
4658662
4495420
1613149
4043690
3029665
2855402
1649557
1063748
3822208
1038140
5251394
3030288
1794660
1722669
2472441
4029176
1280845
2089563
1694114
2187443
1714092
1785185
1718631
2713579
1103608
3867303
2960921
2820464
2200176
5829952
1852042
5497559
2187234
4986060
5871163
5925047
3058864
2201556
1707000
3260830
5516237
1615426
1889449
5856499
1935860
3265382
4076648
5174876
3988780
2036636
1489155
3218034
2277549
5708543
3738168
1650752
2925347
1203342
2714454
2489510
4268392
1191667
1966928
1603203
4472063
3056057
3732878
4946888
3877957
3164038
2386762
5529239
1997237
4044110
3903350
4962730
4381724
1214060
5982546
2474261
2716666
5070858
4648830
1700660
5636630
5077573
4172548
3169507
1945372
3193022
2939511
4768098
2074726
3845939
1902960
5499531
4493837
3354710
3163481
5923035
1251730
4357493
3876361
1390392
1098966
5168837
3996736
5656188
5543817
4048510
1156674
5374289
5931091
5689520
4848725
4613451
5917668
1035867
5910864
3474966
2767394
4355703
2340487
5267508
4743667
4108267
3820579
4016422
5316853
5553881
4141805
4890962
3740970
1107303
5286320
4349955
1940337
5313386
2239147
3721456
3261348
1536599
1924457
2217223
1388839
2775521
3857840
3609087
5714897
2002919
4612870
6003877
4393108
2563770
3623798
1837603
2005051
2579038
1175651
3485609
2163311
1199042
4802185
1490637
2648113
2475880
4877462
2843358
3330824
2403551
5919273
2717112
2574662
3369344
5210168
4281129
1525924
2016458
4899672
4186589
2383549
3542863
2506228
5658930
1909081
3685781
4468784
5768675
4892716
1130022
4742227
4352179
2299710
3477718
1610034
5057639
2315045
2926950
1515568
4536606
2807839
1606692
2699563
5085208
2705160
3738889
2052560
2079126
2660549
1686036
3263534
2389025
4069719
2734415
5229375
2820530
3133842
4677220
4700312
5766392
1401825
5891958
1447236
4554137
3369082
5387808
5877500
4665124
4136580
1428595
1899213
4008426
1589203
5549929
5448506
1687513
5466914
2952671
1339669
2044955
1349456
4054581
5873629
5301177
2226163
4573083
2961800
5561744
2340049
5850447
5756732
2796067
5941419
5444312
4861266
5878076
2363991
5195321
5083222
4732366
4917173
5025820
2135390
3564105
2470580
1031027
3047364
1873340
1840980
2318001
1211526
4010164
1536706
5439893
1417188
4366485
2150303
1698959
2322631
3812217
3924577
2486114
4671682
4079823
5877865
2308791
4948178
5379152
5988552
2252402
3244817
5379096
2250695
1159298
3533462
1882753
4862660
1211659
3058546
4113827
2007904
2328901
4939178
5390802
2746436
4392187
4161004
1658720
4534155
3042795
5044700
3451371
1877010
1901596
1008375
1806527
3564745
2709553
4239188
4266228
5127885
5489056
5527990
1991665
2950586
3827645
2139038
1519122
1238197
1808755
2322059
4545531
2317859
2410120
2476848
1581915
1172633
5581363
5250171
5495777
2355276
2180494
2397957
3152667
3455008
5867179
5319011
2881379
1091146
3195849
1476610
5758588
4707302
5194897
1283592
2306470
1862177
1557409
5361533
6019452
4901672
3018955
4526563
5095991
2125285
1721643
2768424
2263051
3331462
1518153
1825511
5962000
4838389
1389256
2840721
1095276
4605220
1385647
5602592
5643942
4339951
1327634
1801452
5498723
2149849
4417133
3176544
2074758
2763420
4895335
5237967
5185269
2100435
2661418
2053681
4821912
2946871
2082959
4940388
4464548
2331596
2414631
1134183
3385163
1145063
2454641
2406294
2370235
5636665
3825218
5508587
3352343
4167866
1634822
5811541
3017074
5344387
5896585
3536101
1641392
4547381
1044221
2943603
1864235
1114075
4235708
1703272
1637096
3184239
5807915
5178102
5734467
5684111
3394615
3825574
1250517
3652519
4621821
1257618
3625745
3743185
4767776
2004296
4589238
3254343
4453488
5739906
1756682
2383464
2625905
3557413
4499650
5158958
3043164
5208037
2741584
5568511
4582322
3287908
4440248
2866549
4242415
5979245
5420293
4454528
2793125
2254304
2027695
4252654
1234156
2369662
5259927
5511778
2058307
5016636
2203409
2888057
1313885
4881625
2847487
1501641
3846611
6020995
4936744
4773328
4806437
2488105
2947291
5572905
5585078
5534595
5033198
3245748
1895264
5260675
4936582
4541779
4387735
5056315
1179611
4229368
1334895
2835544
1773857
3626133
5465165
3542304
3609076
5223092
5875242
3545252
2727750
5198465
2683446
1142516
3609091
2301907
1101818
4448554
2882257
1318982
4145571
4874682
4446784
4439535
3925828
5599448
5806991
5448904
1059977
1186434
5256884
5140856
3568916
1979542
2504710
1226273
2738447
3486207
5390590
5914075
5535185
3877810
2561788
4404762
5506445
2712380
1845811
1233661
2989827
4521530
4987284
5883938
1137331
4438797
5168526
1749760
1940091
2221009
1799142
1986691
5036463
3674700
5339445
1221162
3430925
5604577
3898616
3477493
5475220
2429037
2096836
1085217
1716522
3183007
5612699
5583309
5023861
1346701
5500998
2981779
2774893
1974869
5926262
4930148
2651359
1221964
4053609
2989360
1281431
2923555
4329678
4320392
5304696
1831506
4349917
2709121
4696505
2907280
1369259
5231818
3399734
2993757
2510079
4013628
5945697
4974329
4232237
3063964
3029472
3024337
5936770
2024203
1015665
4866745
2277291
3783005
3457719
2648288
5999226
3419711
2297306
4602877
5188658
4558198
3485421
2908124
3326215
2008084
1941654
3158966
5042573
4438377
3728457
2367623
1431435
3290930
2356953
4389838
5462959
1549313
1726693
1161519
4910291
5224203
4195641
3620731
1109218
4128615
5408844
4288510
4701734
1922803
2326409
5551929
3209963
3563266
3550101
4321114
1648870
5755396
2637444
2385552
2128167
2883797
5318214
3963761
2988846
3239570
3632529
1193654
2169098
3444176
1886317
4834460
1323520
3992951
3475728
2208632
5289065
4759036
2672327
5824437
1482767
4808601
4230642
2829899
5806475
3127774
5301568
4392892
3886650
1871440
4381038
5542285
4970103
2913195
4393724
5950125
3346320
1452472
2865010
1368800
3227745
1224823
1840208
3951131
1586397
2176481
4886279
5550195
4668578
5205731
4657024
4611778
4234178
3926248
2371872
4252168
2425421
5547801
4828472
5614636
2461644
4008005
2938632
4503629
3270130
1104562
5717354
5106085
4812690
1986603
1737403
4830433
5816257
1080618
4440150
2751809
4879541
1513926
2447364
2296997
2155521
3222715
2181395
4416821
5673642
3907025
5081151
5913779
3406608
4680117
4265209
5306522
1827951
1116036
4811647
2607217
5893841
4637390
5262567
2999900
5055091
2900486
2813575
3529449
3399819
1133628
5685410
2415749
1275154
4507750
5353459
1174534
4035577
4525788
2116691
5761407
5266733
5527517
3607470
5585333
3011962
3071895
2194344
5979394
5873432
5869150
3297394
2952027
2204880
2295178
4366232
2205893
5350408
2150522
4367766
5786432
2146622
2353435
5186669
2162968
2391748
5253923
1689664
4876507
5219964
4065743
5273199
1770206
3751861
1356979
1293667
4218112
3022121
2200907
4110313
5434587
2633428
1096462
5372979
3565406
1851319
3801747
2405650
4650738
3193078
5276001
3753518
1281060
3746830
4699651
1964578
1548235
1350877
5164279
1508256
4753433
4520617
4791138
4830281
5449765
3729435
5684882
3063781
1088063
1568638
5078334
4575926
1643595
4122668
4140156
3071978
4006128
2204617
3128898
4923301
4689064
1524161
4562067
4154826
1945894
4717970
4326615
2858964
3019502
4383078
1402932
3117094
1350999
1834536
4831173
2355660
3298578
5968598
1535593
2065409
5137146
5421329
5045000
3539386
2454122
2592548
4433409
4265171
4418474
2382204
1172978
1850338
1255551
4386525
3788341
2360587
5816938
5978945
4074305
4142019
5934629
1224077
3188926
3852316
1886262
2783322
3159310
1561593
4633877
1434533
5417411
1580564
4731771
2773476
3286317
2529920
2042853
1064407
2922330
1736232
6005523
4340095
1329236
2189711
3708376
4735869
2629322
5060850
1209936
2425137
5446943
5844098
3604796
4380443
4448053
1684824
3695496
5931003
1911087
4417414
2465175
4875444
1794287
5173152
1162127
4310885
2850292
5910733
4757959
4636439
3757717
3597801
1308617
5851711
2951130
5949627
2295788
1205330
5185800
3853618
2229327
3102579
2935421
2270046
3770827
3648144
3328682
1067817
1857303
2489288
3351476
4577803
5997034
2869865
2175047
4676127
2355918
1455823
5003454
3399674
2250629
4045039
4635579
2672244
5468159
4047388
5568455
4884841
2309214
2746877
3669097
4497372
1199968
1189656
1499623
6004248
3011443
5810735
5742707
1506365
1638406
2159478
3912491
3906399
5656982
1780086
2125556
4271632
2884309
1722080
4985596
3738848
5877666
4059995
2167747
3016604
4581297
2913439
3802081
2271726
3172352
1426585
2459869
4978658
2845276
5864739
4916197
3852758
3190291
4125503
5675682
5370419
4221404
4700923
2610078
1623587
1805395
5025460
2503651
4806585
1885438
2446882
1868225
1030538
4474809
5384357
5407146
1416695
2775543
4863637
1241605
5789719
5372339
2364459
3094746
2355058
3379000
2907364
5073140
5672768
4926722
1416393
5064573
1937043
5288874
2317199
4185821
4202244
3116780
2882692
5430179
4084617
3879707
2809831
4023805
2252256
5226585
3813545
2288296
4398980
2409968
3116153
3636281
2919496
1452448
4188808
5009334
2371889
3355867
2845075
2634697
4819322
2267602
1457687
2987079
3217623
5128793
2009957
1142415
5314456
5774243
3665317
3839290
4877258
2858104
4155162
3165470
5134678
5964248
5565049
1172794
2782809
1084267
5859836
3346261
2998680
1530635
3492855
1278040
5499867
4275266
4156184
5264659
1537722
1027354
4357387
5568733
4820965
5314750
3143438
3360002
5968263
1059222
5355841
5784493
1319266
4398999
1489841
1419406
5729573
1147264
2660032
3001236
5224366
5991385
1204394
5924688
4762313
5872506
2336593
4508395
1061856
4146083
1726069
4482675
5099200
2166998
4921500
1451405
5161258
4074887
6016261
5583536
5812706
5439276
2098878
3636038
6023732
3398702
3195712
5981701
3453287
2849843
6021585
5346945
1818693
4563096
5058941
4842610
3899366
5462287
2159363
2854634
5242117
5437553
4200243
2199421
5904130
2474272
2977666
2783536
4218143
4763950
5760524
1552127
4387607
2795824
4453775
2788920
4331872
4629286
3655762
1017728
4484289
4985055
5339250
2298871
3473237
1421467
1604264
5254926
4147110
1461078
4346256
5624786
2450236
4132936
1451464
2431215
4646627
2165186
3850718
2415903
2262069
1160419
2661755
1153684
2184751
1401661
4079426
1748472
5386979
4975889
5212528
3794807
4414662
2966092
1604519
5461898
3003195
3723563
4090125
2065446
1156728
5970628
1311952
4485921
3325948
2912749
2291611
1558687
1155305
5842401
3769995
5062104
5455323
1187327
2937434
6015658
1410486
5242434
4320306
2054004
5253339
3203999
5633611
1853679
5682322
4235978
3690144
3800833
5497940
4675404
1139722
2507344
1025225
5968755
4860292
4021590
2515675
4892924
1577102
2710652
2903457
3278110
2423768
3695232
1807729
5409621
2603838
5343537
4295737
1290646
4140936
2079310
2632104
5534949
3400056
2091708
3999974
2011306
4432502
2723773
1716554
1859602
1911414
3911321
4778860
5911963
4436351
3449097
3350749
2699575
4211004
3552026
1714434
3076774
5103283
2980317
1791958
4184497
5162230
4159721
5537650
2659539
3679544
1667482
4696327
4425060
1061076
4809344
4655873
4147442
5029577
3196934
5765799
5838520
1524978
4970851
2126983
2170287
2490239
2600433
2813298
1604367
2652567
1922940
1654372
2621581
2077997
4684398
5744756
3150631
4584945
5835137
5878341
2989892
2938722
4444419
2686512
5916711
1135445
1589767
5614283
4814541
4944833
3831601
4907573
5544708
1435890
5194941
5943936
1461863
1199074
3010353
4327362
1914005
4744805
4692951
2042445
4867555
3759054
5009651
4772746
2429095
4517604
3511020
2565450
3506302
4389246
5355708
3514168
4314543
3054815
1268880
2045391
2148327
3271494
1736038
5383027
4862573
3567955
2604552
3354752
4112496
4796912
3320437
5880077
4377449
3419242
5956832
4427938
1525156
4516001
4947200
2875554
4761495
5170620
4896005
4257919
1428613
1241113
2323505
5073330
2321278
2968079
5700300
2705233
3291395
1963680
2062637
2745741
2376239
4564036
3839349
1620096
1206225
5157211
4076867
2170767
1670616
1496573
1034881
1238490
3404057
3812699
3170133
1388597
3872227
3015098
4619742
4669072
5390250
5573065
2327168
4376002
3302595
4931251
2458535
2993841
4074192
2999363
3739271
5269724
1866140
4641060
4683202
1926701
2116652
5266925
4542845
4493802
2424076
3824110
3174295
2801174
4224864
1196839
5125672
5850275
3705671
2561641
5814006
3440515
2159411
3518408
2399515
4864067
5473429
4777510
5221830
1885020
3702679
2217175
5737179
5718874
1185501
4834833
3692672
5951877
3750171
4602597
5978714
4772242
4063914
3289091
5648365
2384250
5645582
4747760
5098446
3335623
1869864
1977560
4464383
3492725
3381644
4619477
3990071
5866027
5499950
4834591
5374906
2932289
3194821
3742954
1134580
5695303
4718422
2095254
3062014
4925598
3730073
4326018
5678051
3372589
5434770
1320118
2344495
3497849
4773720
2340868
1468705
2861277
3692316
4331514
3421380
3290318
2457245
1619787
2464483
3666367
5356528
2028457
2696667
5822471
2915265
5011249
2538230
3922836
2167163
5799339
3791313
1111145
2998595
3283674
1224098
1928700
4534487
2462618
1446152
2336975
5797075
4944948
1908463
5887917
5515614
3291801
3189123
5904711
5127230
3922573
3617781
5336625
1318828
2548440
2662008
1161946
2382296
1934872
4784252
2015555
5799055
4351862
3810202
4752657
2760385
4601421
1284659
5096659
3494772
1035069
5830085
2929419
5138083
2513432
5939585
5894210
3162195
3435970
4813095
4976056
4724414
4420374
1683740
3622822
2036950
4491712
5112990
1448903
1747019
3716684
4553243
4933033
1715015
4098825
3367393
2813100
4402138
3966319
1030146
4048326
1879687
4444641
2041238
4509829
5413472
5569940
5229993
1629029
2413350
1395455
2287601
4930298
5309157
5522184
5676475
1089426
1169311
5144110
4579283
1420107
1460940
2032290
5868040
3648839
5467456
1089336
2433407
2497345
1050861
3256600
5850420
4538990
2368939
5917220
2036316
1881388
2036120
2310262
1946239
4338332
3726828
3550082
4360191
1562028
5422145
3202690
1568054
1040213
4876338
3031630
4325084
4560581
5548176
1599595
3746335
1089727
1168433
1528020
1342416
5634313
4971773
1284983
5677585
4465879
1132456
3840574
3507673
4796719
2779358
1407007
4724566
3645997
4563892
5680863
5859573
2790814
5690025
3471552
1612002
1925147
5087973
1680334
1427324
2494377
5733979
5982974
3333083
5943716
3540360
2470727
4734306
5585054
1671740
1053415
1670629
4030436
5939681
1958253
5881802
3452969
3032450
3147649
5206230
3373854
2006180
2160911
2583009
1893586
1718438
5548360
1938408
1160218
3013402
5291027
2449880
3630253
1981840
3171836
3200475
1510380
1359094
5027998
4741724
5584607
2771849
4625343
1543602
4556982
3513124
4931113
4969628
2557417
3457726
4529385
2151467
1622224
5993291
2687662
2590466
4852992
3332534
1398840
4161253
5866313
2230007
5507652
4352846
3839459
1254353
1809480
2019297
5244249
3265780
4264359
5738664
2150614
5248815
3263528
4064925
5535856
1100212
2663255
1669287
4807012
4152803
5962398
1176555
1253569
4463504
4605894
4371992
2145801
2856826
5408121
2469660
5151112
4282606
5068200
2272322
1883973
5827266
5747064
4646649
2233625
2474699
4918696
3356090
4435044
5517261
4651748
5775273
2616381
3709915
4015618
2482763
4960213
3735105
1857424
5334281
2789903
4183636
1444924
3332552
2176987
2752510
5261054
2786185
1058618
2760200
5740821
1068942
4341981
1663790
3739538
1598862
1930812
1945668
5000958
1618015
1948454
5680272
2516150
1430841
5676050
1415958
4636609
3369768
1803163
4111101
2629589
1368713
2391013
5116612
3903127
1984120
1668815
1896180
3229836
5519141
3094149
2570339
2359747
5275848
4288716
2513393
1935968
2613970
5174845
1517175
2987008
1132270
4268539
5784266
1625996
3810932
5735296
4683270
2728905
3416066
5309717
3991247
3488093
5605735
1984624
1860253
1489911
2070786
3194535
1468456
5280534
4206341
4244337
4545209
4645040
1845809
1255184
3835804
3139767
1906990
5860091
5645838
5580100
1282361
1265778
4116283
5316286
3270256
4033469
5612261
1023393
5689441
3875555
1254758
3396410
4380713
2833521
3003959
4674102
1603817
2516584
1014972
1432953
1335612
5422589
5601733
3153214
3125526
4324818
4542675
2595380
3320547
3647893
5256829
1318149
2532310
4798168
5096006
5197944
3650916
3676396
5574800
3910586
1945259
4630372
5054186
2046018
1268672
2005922
4224665
2570343
4104034
2646469
3265366
1846504
5546334
4135739
1305173
2833846
4529973
2707929
1191304
4841206
1235424
1203136
2545789
5202474
5200293
2777706
5681034
2267285
3030174
1315170
5314888
2128265
2536092
5784614
2312429
1022184
5342847
2620641
3331182
2594039
2685985
2171056
5252126
3015706
3389861
3396136
5697890
3771538
3185650
1262090
3319005
3655688
3723922
5395385
1728464
2403421
3473134
4474755
3322432
1180566
4999169
5049342
2127275
5686409
2563737
1640308
1683954
3656873
2276422
2928824
3135387
4501068
3313849
5813063
1507124
1937426
3891675
4382180
2794451
2516863
4459063
5773081
2758491
4200356
1169110
3692950
5621308
5752327
1420310
3420348
4157113
4679344
5909463
2789969
5469193
2282325
3041042
1651732
1356619
3908307
3537697
3724947
2477795
5695673
3967725
5529633
5390264
2729620
4640188
4517558
1329890
3197559
2593835
3800483
1598650
3359615
2520748
5980283
2408499
3776512
1013655
5729450
1556836
5153026
1272913
4352263
1871105
3088819
5872848
4832618
3416896
4210606
3721944
1306638
4247399
3243604
4729436
3252645
2085923
5023947
4274753
2704589
5337764
4392191
2191274
1301303
3200637
2586714
2235346
1506496
1385239
1617550
2196705
2207073
1464575
5184162
1777059
5242794
3039380
4590628
3077167
4795255
5418521
2709844
5998020
4870867
1136686
1872098
1373642
1955079
5932990
4368596
4211442
3032405
2789481
2132773
1055517
2715208
3631300
1914247
5714564
1932661
4420895
5222672
4017044
3959943
3559526
4264304
2697814
2322413
3890207
5484243
2978069
4263345
5555309
1458358
4938184
2137600
1831090
1254655
2039538
4023095
5446758
1575205
1840417
1782343
3382575
3651504
4699279
4509837
1205586
5922344
1497847
2046311
5268004
2925177
2827274
3337441
5256618
2448434
3706307
4075890
2436431
1695097
3612463
4923014
4182380
3261064
2903699
1501792
4874500
1840016
2894563
1357525
2226282
5402964
4179504
2123994
2909838
5393657
4269134
4398938
4537523
4056266
3044029
5987166
6005655
1723806
3633101
4397234
2857623
5714610
2757061
3309821
4331774
5944582
5364698
4908391
5716992
1761032
2293151
3739419
1429534
3492697
2607415
1170433
3910388
5753033
3146451
3873431
3716178
1253716
3163233
2992427
5787887
1359510
5362136
1599217
1430298
2361144
4512674
2493555
3786083
4354398
4468214
1376355
5700324
4735923
5391948
5633141
3337681
1353757
1651185
3491522
5426972
3858035
3379377
5339092
1018324
2502711
5094712
3861174
4342449
5510512
5863036
2035951
4039082
2450121
4847240
5272261
4908925
5468384
4166213
4984691
5720182
2316549
1833869
5743487
1331875
2179302
4751069
5139871
2509456
1151310
4447129
4040905
2311868
3396239
3397131
1302315
2156149
4597988
2583807
2958285
4380464
2583595
2585438
3001906
1909291
1467838
2280281
2434761
5114372
3600767
1048657
6022563
1706218
3257665
3222895
3538190
2501802
3710228
2149694
4107757
1562977
2839518
2471696
3368150
1938494
3619736
3894503
4711498
1152971
1134538
5907864
4545838
1588641
4647045
5972620
2417459
1985203
1903508
2232411
3119830
3890471
5337888
2042189
4051914
3477144
3025044
5983024
2045037
3507980
1106781
1309909
3020378
5237119
3025767
5935212
3963373
4377395
3150047
1530799
3177306
3077737
5085812
1268118
5486747
2795450
1917195
4891365
4581648
4152377
5371960
5167173
5359982
3325199
1944284
2158710
3488188
2615723
2354368
5888433
5327526
5747393
3479991
3257843
1852166
1854571
2022329
5749265
3256171
2638009
4156405
2606682
5271160
1153714
1070455
1632044
4120887
3480354
3690704
5085376
2292303
4508624
2589693
2019235
2298199
2536507
1782887
3331676
1268171
3117605
2764501
1453908
5300114
3213538
5611109
4306291
4835310
4745152
4940634
5896437
6023316
4527929
5203418
4263369
4226407
1202120
3850925
3530541
2568312
5732424
4404509
2165200
2352601
4368312
3129299
3549068
5452537
4110051
1245359
3753852
1682473
2447017
4332718
2411058
1410836
5467202
4159047
2667979
2970591
4956193
3752391
1131283
5738768
3773591
2174720
4267174
2156619
5268981
3311917
3158377
2932105
3104918
4463644
4371217
1079885
5076936
4565198
4170699
5367703
5817488
3490174
4041565
3624845
2146962
3451347
4720705
1790925
3562350
3341436
3839984
3509324
1840651
1696579
4279090
2743252
3326630
5332780
4816168
5020626
3861319
5895577
5509752
5863754
4934940
3916593
1583209
4318842
5266223
2241144
5581948
5618225
1600024
3095584
5343703
5060606
3725669
5285571
1225708
4588068
2413441
5057587
5503321
2882029
3823072
4546713
4680487
1544207
1995151
5268589
3110684
2149932
4968309
2698076
4921572
5080822
3901933
2207452
2509378
5028202
4867004
2733812
1915380
4446230
1373200
5429017
4637770
1232476
1917090
1637020
4490132
1003114
2645668
1011845
4308166
3203627
4509205
2433419
1158133
2216790
2391724
2380437
4903219
1745277
3071193
2556617
5860874
4977870
3523502
5375744
2270248
2571601
1187182
2088147
5447980
3486496
5221517
2988748
4762604
5424086
3681030
3179769
5284496
4731956
1493107
2602193
2281364
5541097
2958513
1907674
2917052
1141064
3150830
2901080
1697630
5132488
4566069
2567136
2434373
4560978
4124374
3993784
5821503
1658303
3404643
4592124
4452205
3313608
4566052
1895367
4911327
3190168
3950701
4203679
4948064
1589228
2361877
2244459
5339816
4974531
5706443
5329181
2333104
4828522
2774075
4806242
2394376
3600357
5489351
4556783
4642300
1431885
4413514
5337311
5988768
5121452
3460007
2965808
2246320
1846778
2281321
1446739
4703323
3454723
2010464
3548709
3351445
5806749
2758073
1284997
2852291
1426562
5767816
2854941
4644286
2330485
1270003
4029202
3744528
2387523
4627103
2190471
3016620
3919234
4948815
5715048
3401658
2019921
4879224
3483138
1716215
1598066
2833131
4805846
3991077
2342025
3163419
4879728
1521791
3484368
2938072
2851597
4568477
2583745
4527916
4640681
2072516
4088562
2480231
4001709
3150474
4251240
1772646
5981918
3513868
1400734
5291491
1388002
4457022
5556271
4575764
4666411
4448334
4796003
4596798
5234940
5965977
1758348
2771425
1218968
1004128
3297129
5653884
4273781
1994902
5551878
2455983
4919801
4145778
1055110
5331266
2127811
1700799
1013594
4835163
2484379
4921004
5643448
2982151
4594859
1523848
4629356
1229559
5419152
5691852
3894174
4506819
2054679
3947939
1164060
2186138
1354872
4370778
2100729
1739334
5752505
4321803
4368518
3379644
1854429
5981276
4409162
2195651
2624890
1940196
3884788
4013505
2764952
1359576
5520753
4162648
3199964
5879671
5635698
3009761
1285989
3634297
2388682
4164141
4553618
3962593
1180540
5813129
4006467
5321109
5601448
4519369
1554537
2275088
4016621
5487744
1669962
3238040
4595688
5032639
1515272
4235563
4114596
3371775
2408018
5392755
2091766
4244283
2786899
4069222
5961250
3272160
4866625
3495343
2501911
4113608
5929260
4306683
2158289
5447901
3036236
5161941
1945146
2152540
1155416
2609920
5284194
5439904
1999532
5470069
1860682
2747781
2066704
4732116
1641645
4190010
2528407
1015938
3752029
1231607
3766231
1732502
2873430
4919297
5387840
2098835
4904355
2988306
2810692
5897262
3197305
4971641
3431425
3308242
1644400
1078494
4054428
3999839
1854810
5483331
2352642
3493668
5041762
3863963
3612969
2921057
2439708
5713432
1932297
2647330
1760648
3977233
5864438
3567094
3987771
2711416
1106341
1009728
3528659
5921388
5226072
2707761
1588857
1091317
4267265
1225189
4475151
5216580
4221290
6006947
4130893
2606438
4183964
4757252
5148040
3026485
2679475
5516572
4294342
3460549
5360025
1147445
1996143
4646126
1844836
4190719
4506973
5224331
1768023
4714593
3256693
6004863
1829767
4139368
4926681
1196084
1700170
1729857
3281755
1799784
3649089
3820874
3600592
3598401
4962879
4662830
2870166
2640939
4823736
1855046
2100422
1711198
5234242
3445567
1955251
4199844
3766489
5456512
4097397
3490040
4227149
1950735
1838023
5244031
6022243
5638311
5390286
2101606
5375283
4409775
3200271
4194944
1532639
1460663
2292493
1616148
1016346
5017974
2053571
1416218
4016936
3035690
2480190
1320209
2899351
1469883
5360404
3047305
3021262
2006552
5220223
4965174
5936460
5746876
4845832
2307220
1841593
1264404
3642062
3851322
5852136
3470399
3661817
2926076
5619651
6009480
5974924
5922818
4066463
1648027
2613226
2546495
3605187
2531331
3966859
3182706
2626394
3353843
1528679
2667225
5208886
4043093
1469314
4456849
3461042
2817567
2690768
2996852
1289634
2593099
1346228
1221689
4407364
5873393
5698730
5726963
5078614
4079122
5064379
2515173
5044123
1050137
5851130
2917523
5365509
4867623
2365760
4571314
1975642
3422398
3779095
3079062
2507094
4331412
3684121
3878779
1896859
1087974
3325591
3899090
4753929
3173256
5202958
4167348
5827328
2750530
3203942
2223026
3522936
4259092
3167169
5005506
5916188
5780622
1886039
5872551
3784564
5487977
3807268
1922966
4159640
5836365
5712102
3514245
5803105
1832597
4859704
2189048
5236874
2642303
2055154
3608708
5206326
5084534
1303934
4954786
1522389
1516087
3648980
5577567
3872319
2019874
4633163
1485000
2708138
1935447
5247951
4221953
5698012
1527867
4220514
2559501
2779101
4013761
2866635
3983932
4794709
5613113
1802312
4278109
1235144
2699277
3520137
3740577
2689175
3365388
5500211
4336239
2758870
3199120
2630303
2159319
3090476
5488442
4918367
1917340
2577655
1330518
5666368
2127306
3077753
3253499
2073206
2078242
2249342
5122828
4519704
2612268
5314480
4515137
3813698
3357167
1335847
5974307
5960831
1398122
4386695
3495760
2628001
3042409
2923919
5028932
3837235
5010620
3481490
2525455
2494562
2260839
5181773
4143336
3547172
4443652
1027413
1731602
4239596
3210795
3322262
4345822
5814250
3288620
2215466
4306514
2065784
5136828
1935822
2907709
2977169
3751450
1376050
5258552
1614456
3225535
2959382
3675690
3007316
2134715
5008225
3737132
4201390
5269013
1384991
5532571
5238439
5169341
3832952
3023917
1130699
5378485
1046084
3232733
4034379
5448168
4784464
2107743
5806039
5158932
1892798
4225128
2990455
4805349
3274802
5961853
3041447
5324624
2787472
3868947
4493935
4842140
4776443
3802683
5151890
2010551
1228387
5481060
5334471
4419290
2502350
3928492
1707377
5746709
5766809
5983256
2524381
3818072
3564642
2067744
2668895
3517945
4631604
1943173
2669492
2970702
2801422
2274324
4385397
1299874
3842681
3775323
5148664
4597881
4825708
2727020
3115254
3723277
1714006
2934912
4475979
3235792
4483805
4978596
4066458
5303738
3799739
3380505
1236963
3631928
3800896
1513241
5133027
5692766
3662560
5214455
5347299
3162228
1937727
2441349
3379312
3958782
6002364
5093783
2420932
4513847
5396566
1829379
1682185
3409592
4156588
2273577
1936350
5074599
1034371
1153475
3890194
5883208
2594882
5431402
1932842
3967439
4561040
1339724
1789309
1042616
1804890
1266875
1747439
1471641
3046501
2898397
5774124
2707418
1841623
4972832
1540273
3200259
1650054
5593862
4654493
5002881
4088810
5250235
1964448
2275870
2368159
5306493
5983891
3819266
1406587
2930397
4216416
4888354
4470847
5576127
5040900
2739777
1027346
4555131
5010221
5181882
2829283
4294696
2400441
4686617
4652008
5118345
2324952
1803718
5003249
4017486
5471861
4133752
1692013
1506226
3768241
2264592
4396510
2220429
5546925
3715237
1015942
3148959
5663786
3719600
2767713
3904743
1426915
4715426
1016071
3936848
3662223
3502916
1602976
3128839
1431859
5739791
4105622
1983230
2788697
4610067
3177586
5799658
5227005
1468397
1330709
2533658
4635912
5887082
2464677
1766802
3453276
4101262
3929590
3019949
2212459
4247136
2998139
3900726
4699560
2323392
3395197
1126602
2295538
5720013
1246316
2965831
5852911
3558998
2839192
4923124
2899244
4723265
2413915
4959200
3030497
1369021
3344388
4230844
4786089
2528098
5554649
4840239
3480145
5022629
2670829
4274605
3883074
4780084
3198544
2146276
4649645
1685166
4325016
5169939
2650658
1725022
2800766
3327557
1387551
5792814
1508165
3434774
2625540
4766814
2008158
5482204
3360554
1021665
4692787
3172651
3868701
5319494
5142448
1669477
5713773
2836031
4546799
3749713
1884391
3524999
1332426
5285797
2000494
4187236
4370845
1791657
3228021
4143706
4028700
1460520
5066000
4611173
3232554
5385275
1292820
3354143
1007433
3233711
1105680
4889717
3568258
2024450
4322895
5250473
1646808
2490403
3405489
3631204
3701451
2681928
2899447
4646554
2125831
4940809
4107277
3934359
6021089
1798776
1601502
1630924
1236202
2348252
4486800
3514477
3308453
5688144
1457194
2951106
3394892
5523407
5017417
5819306
5962165
4968145
3183063
1438141
3199302
4256431
5016655
2392859
1176103
5742196
3396030
1927460
3444524
5230445
3335963
2800922
2374346
5405042
4795009
1242207
1195948
1048666
4857829
3969845
2333341
1755215
3943713
1538731
2566258
4558875
2534134
3098007
3410097
1814897
2302010
2183550
2959315
2977827
3388831
1806412
1679517
5488990
1550419
3032366
5032528
1716771
5756943
3376545
2844118
2675881
2807070
4863538
5987182
4694801
1114412
2753164
4470409
2826444
5055451
1910529
2342179
1674466
1358826
1233045
1042296
1698102
4218011
1997480
4274015
5268438
4299512
1668043
2518087
2169556
4173854
2712193
3125604
2350786
1950364
5518501
5205802
1035341
5309564
3654924
4081501
2029125
5862266
5055566
4315377
2227104
4583691
4489657
1380046
4353169
2608012
4632619
2567410
2606888
1487712
3878696
5123387
5926098
4564256
2461000
3611752
1629554
5199715
1893447
3760151
4903854
5988587
4156007
5006459
3983322
1918455
1134204
3279140
2997109
5718451
3557253
1570541
4255024
4777686
2509589
1171114
1994459
1268801
2956360
5627388
4117733
5694643
1539531
4310206
3620997
3605467
4501352
3758040
2276409
3970967
3368906
5051740
4130019
3435219
1339447
2756976
4378499
5069363
1512512
4269383
3258889
5784175
5152296
4510110
4695701
2988902
4426636
5966081
4394815
4665884
3097980
2542449
4413678
2651097
2039300
1925341
5591580
2300107
4216484
4734388
3987720
1772477
1892456
2108838
5777091
3664202
2629958
4386135
1692140
3644879
4339423
2850972
1939319
2157792
3360132
1897872
1726880
4104921
2704958
3020798
5602767
3779282
5883448
5544136
5157302
2606907
3286218
3303497
1662277
3184313
4042231
4792067
4168479
5456854
5872683
4840671
2011462
2944991
3127234
2362565
3457337
2978297
3143615
3945534
5574007
2192100
2753584
5923674
4124403
4247544
4259172
1864473
3265918
3391331
1277232
5446775
4387797
4766958
1045251
4719844
4536472
3718983
5779042
4772923
1238501
4088940
3369961
1217381
1101023
5626434
4219174
2700133
4475504
1771980
3748629
5751770
5335213
3002684
2396641
3874785
1931322
2380048
5459967
5262857
1886426
4559643
2866379
5247667
2778601
1592084
2097702
5541060
2448239
5624615
2917758
4056029
3610130
4798836
4665161
1558691
1726719
3417780
4086724
4310770
3617052
5702024
4345897
3891966
5137247
3906633
3607484
2497785
4984462
5042904
2123845
2550491
2082063
4027847
2690460
3404896
1905163
5175217
3769258
1919520
5145393
2908685
1215222
5010065
1323267
5311622
1587734
2522189
5551219
2826393
4407783
1541461
3438595
1595556
5319150
5092352
2596460
4500900
3597395
2884926
5652977
1303831
3042497
5544618
4218863
4789478
2119215
3365846
2528197
2761648
1365703
4649550
4623086
3733425
2560990
3448174
4631374
1050486
1218577
4058926
3400392
4048101
4442480
2242971
5905710
4062552
1195804
5950249
5293733
1895301
4121973
3922996
2846365
2025330
5104664
3994171
1954286
3546471
3205689
3431865
4579582
2886065
5360140
3210138
5351582
4183515
5835019
2626366
5142942
1511251
5723856
5114792
5593961
4294620
5295648
2742197
4197067
4430517
1911943
3040439
3878172
1240731
3824873
3785644
2599192
2744117
4684495
3604509
5035615
2237453
1682531
2837780
3978965
4046049
1379939
5328562
5971055
3343928
4630580
1696672
5376116
1999935
2454021
5730353
4528142
5073902
5325116
3334400
4242595
4387130
1848625
2287121
5383155
2445798
3629146
4649179
3767235
4787419
1008125
3142001
5031459
1739651
3737084
1433798
4928584
2459783
3657642
1208396
1144744
1386698
3328990
2554711
5192252
5490210
4947703
3207804
1275840
3377315
4556547
2587869
2847766
1601553
1487555
3681380
5351087
1493472
1530742
4084707
5107769
3615639
4672943
2270236
3288030
3322233
3739857
2338039
5528147
3608277
5385883
4033189
4263649
3408599
4287761
2943916
3288476
2670519
3215280
2203643
1982494
5374198
2193341
2254703
3566269
5141007
4279498
4824389
3450470
4032254
3645757
5924839
2044804
2847403
2179278
3563387
3939018
3053543
3847363
4734281
1432459
1281537
3186877
1834216
6018368
3840432
4244856
4497271
4886938
4472245
1017844
1178602
4801018
4436314
1726905
5232485
2926986
1767878
5262653
3630145
1352028
5314963
2574696
2916665
2256443
3700656
3376206
2553085
5403740
2683936
3074320
3360400
4810262
2497630
4114398
1650272
3105736
5999902
1626687
1273520
2250039
5754845
1067019
5829815
5066562
2097307
4709543
3796855
4403272
4363409
1889185
4696676
5152751
4495937
3316147
1430286
3366681
4260501
2510552
5220084
4468251
5803347
5851484
5062998
3657255
3830923
3238605
5868079
5184726
3090911
1271592
2578798
2336322
5219222
2761003
5634960
5856322
5179815
2035139
5534466
2626308
1297891
5903944
4705409
4414757
3245970
1733101
5745512
3266025
2406489
1632464
3175135
5843736
5522646
1672213
5330737
5587999
3224686
1609916
4175027
1732177
5711190
4194480
2697241
4039534
5565491
1716037
5800836
4077630
2569223
4256011
2527440
2957009
3231855
5394810
5702106
5447029
1608270
4596397
3052593
4460856
5768429
2390170
5791337
2389748
2186031
3465169
3315304
2544767
1634846
3173797
5790224
1864492
5608874
4348906
2608501
2205245
3464999
2755110
1025562
5444810
4203241
1320672
2603235
2422601
1686644
1774755
3664480
3292764
4164861
4382936
2172639
5260343
3422213
1610707
2613687
1467582
1946960
4403105
2254320
5116230
3939548
2575138
3359892
5733760
2349426
4745958
3401114
1393297
2371654
1182839
1893577
3613893
3907327
5133434
3377234
5549290
2192766
4761520
5674144
4949340
3389464
2235777
2001414
3522156
3552646
1823246
5960668
5220279
4962574
3329755
1689871
4763964
5358925
2813884
3637870
1651091
4298020
3064008
4962426
4691285
2784644
3819898
5239637
3919609
2275469
4346828
2489770
3806479
1245875
3868129
5183326
4189697
1774860
6010206
5558469
4330813
5194995
2617116
5384774
1322560
1264388
2909763
3088769
3304531
1229520
1448389
5602477
5259529
2902227
5318483
1162940
4675485
1096074
2244577
2885154
2564209
5025716
2262617
2062160
4766499
2547730
2196572
5828506
2699868
1197147
5073131
4291988
5852558
5310209
2365089
5383205
4166437
1566339
3026179
4399797
4662589
2311445
6020471
4439630
4048265
1802106
3421633
1795550
1455160
2836552
5128244
3157685
2853706
3365586
2904733
2876892
2070378
4322243
2366613
4283681
1289968
4119730
5876516
val_subjects
4498318
1076343
3898296
3779747
4937704
4556267
3667226
1171585
3111731
1786210
4967905
4124884
3728927
3921673
5042412
4658399
5143280
1918956
5924785
5819056
5445143
3892239
3358809
2965012
2496488
1749402
4679227
3184189
1982371
4644342
1561640
2977110
2570055
2788394
5305650
4360253
1645397
4139185
5542599
4231329
5339671
3998994
4654119
3748432
4614411
1661663
4240798
4574472
3546485
3509262
3503241
3509005
1679932
1187603
5172953
3747150
5222977
2943539
5792806
1464766
1347156
5877593
1957246
3217975
3656806
2058948
1743628
5261584
5297885
5092651
5154243
4661732
4178597
2153212
4034075
4232401
5659332
3182580
5532364
2087456
2916029
2174898
1821242
3716501
5675241
3383162
2697062
5554554
2297809
4140435
1287557
4631563
1684228
5897086
5537948
4080806
1563922
4575561
3913028
5988936
3473944
2121800
5315882
5552972
1776289
1926102
3400275
5867860
3667108
5916923
3516571
1893373
3148477
3087765
5513283
3538303
1422488
4446040
4848323
5080628
3030972
3071794
1446705
1612175
3656517
3487148
5194080
1093795
5817672
1097782
5518324
2234070
5653740
1924248
3701617
1955591
3141545
2297822
5874330
3542949
2783378
5599511
2675553
3113002
3885399
1067276
5167681
5711886
4082408
2712620
3756124
2897120
1732728
1110692
3351723
2339443
5428240
1678418
5903873
2868687
2022034
1901810
3567138
1026988
3210510
5721280
1581402
1205226
3752119
3750052
1739877
4742174
4849122
5746982
3992009
3047994
4599622
4812416
5873773
2181763
2578743
1723524
5547707
5701884
2829600
1171312
5492454
4760099
2039336
5161835
2919067
3276208
3149751
2428982
3917479
3050568
5655281
5258332
2689376
4301544
1277290
4563679
4676834
2486299
4279904
4507169
2322295
1941331
4079788
4262055
3644882
2920100
1747168
1542660
4911485
2759582
1440628
4832243
3154719
3399728
4268937
1183915
1855807
2332476
5286819
2367295
3972368
5442351
5553423
1063056
2986323
1690782
1915978
1471765
1362995
4615511
3764065
2996305
4944326
4501974
3875360
1974343
5318639
4177573
2443362
3119311
2640719
1737519
2259499
2980419
1367805
4790870
3255826
4794130
2629467
4555388
2690478
2065008
3687972
2216028
3513544
2078619
5906636
4253361
4193869
2980336
2540095
1729012
4766322
3451396
5097929
4621190
2191675
3536569
2449384
4098278
1457244
1931442
3348337
1182886
4446142
1848703
2930873
5172916
5629293
5028851
2156036
3709402
1679033
2088813
5206820
1613188
1824265
1498505
1947306
1107328
4393067
5831976
2294963
5262599
2234720
1498418
3746425
1523996
4281203
2310481
3336538
2134410
2795168
2084232
1970794
5839606
4536175
5787213
2931426
4540857
3477037
3734213
2202078
5563459
3135511
3345834
2399052
5101803
1562921
5476960
1758050
4242224
4464981
1485280
4983765
1629279
1506968
2488710
4444695
4104246
1459318
2505964
4429542
2663022
4115951
4381736
5423447
3247894
1497230
1960276
3510812
2750450
2434539
1573645
2906361
5309263
2069598
2836332
3966552
4435058
4974732
4564093
4371431
4648814
4026565
4210037
2296723
1136079
5672741
6001264
2592888
4051097
1383459
5397417
3144048
5302361
1238039
3074272
3651130
3120320
2940078
3444750
2259524
1715142
1557344
2601518
3925966
5159392
1906383
5761574
5084307
3219452
1848734
4046816
3886344
4373102
5275075
2677688
3004155
4627806
3349073
4364118
3556255
5713426
5830442
1662487
3429849
5980689
4471688
4573667
2132481
3448227
2903502
5939923
5093274
5275920
5904437
3808950
3885325
3218283
2251935
4758345
1940617
3351757
3913856
5299975
1645096
1487892
4256951
5276835
4228487
4732044
4681180
4708467
2197466
4738159
1234288
1848359
4263630
4418990
4779425
2880763
1045446
5475109
1263317
2788450
1195972
3039487
5968038
3927990
3519784
3951634
3158267
2230379
2935141
5080610
5904495
3503919
4565105
3898641
3746705
2871149
3027816
1087240
4516846
4605653
2554453
2248856
4318211
3888956
5422907
1226900
3885946
3069836
5929531
2761582
2350536
5266163
2733493
5229326
4669957
2301561
4678035
1123674
1448945
5615799
4589754
1005792
5479304
3880807
2834361
5686686
3069861
3130995
3753238
5952861
4822589
2037029
4021428
3115880
5575327
5333355
5113038
5489505
5764939
1664031
2370171
5555777
2871966
3372295
2396894
2996940
3945768
4404747
2827305
2601036
3716419
5596761
3657060
4720229
2927215
3615227
5095684
3511631
1768741
5945450
2521663
4118141
1229343
1506194
3046765
1075327
5403802
5866671
3685540
1002967
5025113
4485726
4461340
5621920
4235073
5912672
5359106
1865443
2853501
4978280
1578310
4925157
2234718
1060371
3243193
2363684
1887735
2933381
3444907
2816149
2344663
2939651
4063385
3742117
5433825
1637932
3702926
1436414
4307292
5033143
3038196
1411207
3538614
3452684
5727973
2397238
1416525
2550633
2867409
3378144
2144236
5143495
4805351
2089633
3384125
3631122
2180625
4800522
2436710
2204297
5699660
4629532
3859023
3860155
2912043
2412606
2900450
1585546
1360049
2062574
5139292
4046740
2374047
4408519
3729896
5134075
5341108
1615653
5952738
2682541
6003511
1674752
4065499
1880276
4809784
5645693
1098711
2914983
5991423
4808009
2478392
2050488
4549253
1260497
4453661
2540266
2333636
2623692
3891828
5986581
3469874
3348921
4502315
4688007
2824231
5054347
5212510
4295612
3102905
3945737
5179005
1863989
2631295
5431280
3929434
3766223
2003157
3019396
1006065
2972654
3493122
3411582
4260788
1772007
5401071
1467254
2657076
2443529
4203958
4089839
2290781
1946410
2933319
3002432
2231462
4158748
3049790
3989361
2875843
1634717
5752610
3211070
1338499
3922379
1091894
5297503
4395997
5782344
2002191
3175419
3931922
5030032
1347015
5866802
4636855
2409652
5342288
5625355
2254217
3522784
2587834
4233373
5981622
4165789
2681262
1208537
2659724
3475752
1173337
4581842
2884499
3655938
1978394
2955522
2074579
2950793
3800156
4009780
2264551
5785798
3648942
2993313
5895772
3994758
1452759
1754478
4542149
5470196
2247623
3492611
4172311
2836955
4180207
2363098
5754350
3443735
5877517
5490824
4900890
1594401
4656490
4153554
3765446
2178380
3372806
3617813
5432983
5135916
1183470
4437884
2761341
4619654
4163264
1143319
2462895
1396963
5439527
4385555
1094912
3924131
5067361
2595715
4570962
3816351
1818672
3265654
4055206
4791741
1237054
3797552
2202482
5327662
4894279
2536723
4835257
4349664
2158105
1322376
4974395
4597875
3039313
4434582
5508227
5531544
3014134
1152800
3537514
3890687
4899449
5097471
5220369
2424159
2064049
2930657
2416410
3168235
1580902
3897951
2651333
4452410
1340788
1339365
3112429
3945716
5648275
5929719
5336642
4214514
1402944
4703725
3601349
3911966
3986775
1627581
3638441
3974464
5655543
1095228
3623777
2745214
4880321
5340184
3432076
3349782
1454572
2312398
3339636
5787746
5563968
3841816
1055346
5690373
5554535
1547018
1129104
5297862
5923150
4770580
4221067
5251551
2860668
4981282
3434291
1727967
3934752
2672789
4429991
2175096
5383124
4446639
4203975
1677015
2978353
1757832
1316755
3514184
3534730
2158236
5037596
2899013
2123834
1630753
3619232
1045528
1841777
5742052
5893731
1544226
1596740
3520861
3271791
5563001
4291745
4244104
3865667
4866601
1724305
3610891
4073438
1312011
2124827
6013765
1894714
1242687
5877499
5648564
4644519
1038860
3264758
5728389
4007570
5591178
2379261
1444375
2691266
2796327
5794197
5196703
1687077
3317144
3051133
1376300
3000017
3177577
2196694
5175293
4769340
2686404
3763184
3331902
1158473
3545439
2667036
3254940
4755092
3102880
5477074
1846321
3677682
3765227
2342459
3830453
4139209
5821227
2267432
3781839
3798521
4709349
5254309
3877201
4294410
4381970
5398116
3917011
2701780
3148756
2664956
2848908
4522240
4617537
2931197
3063582
4090804
4984330
2132574
4223863
2993604
1204799
3409767
5972342
3140802
2906481
5107054
2485521
2278913
4861925
2042212
2283867
4777534
3883878
5588713
3518826
3485660
2702400
2062749
4338833
5934882
4123904
5549521
5001670
2002743
2278119
4581076
1525820
1186779
5806969
5510564
2748047
4836270
1544995
2304412
5245812
4536901
2771360
5640490
2328733
2536088
3498825
1400819
4201605
5623225
2022353
1357910
2254272
4885784
2249794
3723954
4440224
4869802
2974577
2503424
3086151
4086042
1208776
4886974
1344035
1996752
3988168
5668252
2322253
2652765
1394066
2361704
2471563
2804055
1570826
2345930
5953629
3920924
3563649
4732713
4673239
2101175
1020576
4960626
1924595
4609638
4527306
5965414
3137494
3790751
2379699
4553006
1038822
3384753
1819342
5720772
1206852
4696916
4436717
4523626
3071298
1624899
3214724
1136961
5153116
3774430
4824324
5660868
6010737
4177855
4296041
5238331
4371734
1550749
5087482
5068396
4186739
3394270
4245836
1480460
5624524
4933295
1790805
1292422
2026834
3621249
2897337
3438423
3519411
3101926
2355245
3969468
5204567
1622537
3068684
2899687
3955593
3246441
5488284
2008805
3762903
3735186
5190961
2939208
1374673
2196071
3254709
3004136
3538956
4918161
1839255
3852964
5560890
2400547
4870384
2559706
1293914
3194886
2882980
3541706
2826197
2093417
3477215
4847759
5136453
2385040
1333780
4320970
2505531
1645975
2986962
3099050
5149638
3114541
3506964
2561714
3776001
2150733
2419502
5690447
1535865
4095437
5941831
4105848
5400328
1997548
5827839
2237429
2836686
5201069
5859340
1877488
5949132
5811674
2299988
5991200
3248022
2182467
3415434
3760810
1687599
3120022
3432693
6014067
4219605
3493641
1166742
5825236
3874597
4288138
5565647
2489768
3217229
1745073
1261733
5502282
2328843
2977499
4318998
1990409
1422781
1020249
2396426
2364420
2543014
3783866
3963521
3157604
2611977
4673731
1484392
4717281
2267111
2064117
4103993
4228277
4025801
5403124
2091073
3817757
3497517
5100226
4641011
3819215
4191421
2234303
5112608
3729534
1840821
1029829
1701166
4116617
1506115
1304351
5339563
4504013
5700542
1523774
1116256
3277449
5205221
1524342
4061937
5777600
3970352
1374597
2309273
5273643
2307751
1023146
5621800
4193547
4985940
1576936
4428660
3378692
1674638
4511751
3480777
1967923
1392092
2575079
1220347
1423445
3050667
3642309
3079128
3683627
1053186
1722793
2080288
5138139
4475280
2613809
3633307
3211328
4789664
1014015
1732988
6018196
3932036
1130703
4124604
5903059
1026638
3272629
1388352
2382393
3855835
5148677
2306017
3725067
5111594
3553160
3284898
5458571
2632492
2117073
1636674
4124575
4019915
1258402
5080330
4381809
4264728
6018171
4700017
2459923
3229228
5551748
3556807
2401112
2039262
3718410
2225770
5433624
1049447
2454773
2609421
4329412
4984736
1208553
2046284
5504892
3812745
6019685
1657450
2586706
4936801
2478628
5911932
2757675
4634105
1563909
2356131
4019484
2150424
1310623
1402827
1747527
5775871
5819539
1787664
3896096
3539585
5910328
1121226
3430821
4626440
3485622
1619139
5444213
3963263
1961194
3151218
2902917
2125542
4495539
3691216
1776009
5514057
1769440
1694441
2997808
4181915
5016874
2563716
1516624
2278812
5687774
4462522
5960773
3746145
3771432
5740886
3398650
5169091
2911431
1170916
2145672
4108923
3555470
5252334
1438530
2380242
4833147
4384417
3092433
1771215
1614425
2795678
5332007
5960336
2163806
4112929
2734293
4084781
5858580
3464938
4547249
4291906
1343733
3683119
5232373
3655999
2398662
3668534
5172166
4801322
5603336
1488693
2705481
4574913
1361422
5339277
5607849
6010332
5110541
4761931
3172084
2145147
1087294
2332895
1142890
5486002
3030249
3815985
3456785
1891856
1614096
4737176
3738412
1257403
1383330
2855533
5313321
3108035
1270912
1570930
5528531
1424141
5776606
1112118
3992992
1389201
5551676
5906950
5590849
1024822
3691958
3929088
1452877
1751364
1175630
2808654
1097590
1541718
6007363
5103874
3770786
4162341
3498842
1504003
3756205
4762006
3257688
1524723
3034505
4141665
5583589
1794019
1648618
4075930
5634250
3423999
1344734
2356691
2359980
2281280
2181162
5901534
1188180
1920348
4223255
1739294
1968802
4155781
4450550
2961439
4252962
1694845
2325620
4246373
3569548
3143152
3129149
4044657
1403194
1724887
4687126
3707893
4099452
2469713
4236156
3072280
4331836
4700343
4562669
4709550
3234907
3875295
2966708
2559336
3857463
3771637
4942264
1578554
1058088
5177391
5588611
3235296
2375567
2106656
5702072
5362073
3341472
1730047
3256222
3257554
4832507
1111963
4554063
4174160
4466117
2953406
2239052
1036933
1919377
4880876
3739879
2853602
2242756
5112827
4687002
3989580
4578841
5483340
4725195
2926582
5147846
5170356
1091361
4032661
test_subjects
1470309
5261022
2545388
2736170
3897289
6022708
3892766
1734337
4310156
4793517
2586637
1211946
2748253
1983435
1322583
5113700
5847032
5037585
1140608
1485188
3358080
1534509
1414257
5369800
1920407
1068649
5682777
1485585
2373377
3007368
1735394
1475340
1497422
3712031
5773947
2090840
1467508
1578489
1578886
2504656
2403756
2152579
3934457
4298253
1838948
4738492
5944091
5406504
5339507
2897414
1121013
1583719
2068932
3398862
3926440
4197700
2699403
5313979
2193430
2751108
4412788
3423614
3608212
2380299
3421829
4328183
2660824
2228786
3814617
2022950
4815899
2834525
5066754
3978431
4408452
4158042
1564252
1342711
4112056
1882784
2797946
3721360
1676918
5253484
1493181
2489363
1250572
5551634
3185936
3356514
4443598
3333320
3912960
1641404
4953321
2813172
5245002
5874013
5956415
1413164
4155395
4969351
1206746
3218986
2459192
2229809
2622690
2036566
4891970
1793469
4338650
2991134
3035619
5104729
1518291
5573264
4129902
2516009
3295049
5092627
3114992
3305443
1921507
5377605
4981812
1495790
4364732
2740681
5205532
5519678
2380571
4005898
4118203
2278759
1563794
2852075
4018812
4348728
3026166
4037389
2692379
3049211
4171147
4429501
4823327
3825233
4468621
1603153
5888995
2887140
1977231
4139353
1642344
5191493
5647900
1608284
4912753
3244287
2785863
2895273
5860052
2459709
2989682
4250057
4934596
4288214
2997336
2538591
2828563
2218622
1907320
5255122
2356306
2387087
3822901
2301169
2838303
4354778
1400890
2834706
4174393
5316837
3200542
1658417
4313475
5571480
5358630
2022838
5038193
3370516
4491679
1699160
4636340
4616191
4840829
1391093
1507507
4532218
5911561
5398742
3397521
1763803
5882711
3698289
3442665
5907107
3110220
3923602
2924343
4721556
4972769
4059275
2370069
2581108
4089369
1620777
2285266
5015396
5232854
2485761
5426180
4241857
5228293
4398692
4247380
2670476
3548852
3512515
3454148
1152836
2391056
1362166
5686621
5695999
2450431
5996718
4232360
3899439
2698921
2950013
5951376
2034114
5649786
4097047
4940471
4189141
3714455
4141796
5767909
4835489
1439077
2560216
1138546
4638505
5382341
1427204
5349726
5596194
4703527
1122702
5942293
5070177
3187813
4033445
5124776
3023199
2128818
3180213
1827289
1298221
2743573
1551172
4987806
5598746
4598160
3302054
4075011
4290876
1155876
4211360
3474114
1724453
5772727
5825408
4535206
2617129
1455831
4239571
3056528
2519006
3188666
5628422
1452417
4083885
4680193
2688274
4219363
4598220
3100665
1964511
4486269
1980270
3363051
5636294
2634985
5815528
5774342
2699870
1302824
1068215
5555110
1977771
4970524
3863397
1281502
2440904
3338221
2117715
5330057
1150180
2614348
2752770
2494339
2987199
4023864
2681857
2466640
6017202
1600468
3520315
1487830
3999812
4099868
2114781
1205505
6017152
3945066
2459017
2009891
5377729
5393229
2001672
4669559
4233388
4677580
4044739
1059028
3052548
4114828
2871225
4261837
1656363
5229804
2512855
1340857
3528841
2087981
1127017
2385375
1555010
2217901
1291447
2767129
2881315
1350913
5797893
5487515
1182489
3373634
4760846
3733354
1236216
1129986
5452200
4657061
3291414
4037012
4216048
4878101
1993111
4029682
3497169
2271104
5946099
2796512
5437863
2256032
2414229
3307239
3010838
5369498
2087777
3848755
3367501
1350493
2628042
5487921
2372901
1515858
5270145
5246096
5496910
2913918
3308547
1882230
2660443
1315678
1299222
5241994
2740441
2755981
5807709
4694003
3514366
2880283
2818362
3117818
3465456
5191898
3401036
1313079
2184285
2017149
2169952
5104390
3055212
1609550
5279913
1196282
4297912
1023815
1333947
3457076
1798408
5405420
2327007
1628114
2851424
5661273
1950711
1582051
1979122
4343946
4322870
5752330
5828439
1073911
1434267
4027319
3401746
4193468
5553752
5236427
3254644
4107870
5327757
2087932
2949364
4203442
2624906
4461611
5003251
1900108
5072103
2511898
4302267
5969830
2481705
1918037
1051878
2290986
4925610
5466502
1165813
5008000
1540057
1988495
5295842
2297349
4089016
2436494
4488056
3459418
5306223
3704355
2742629
5789473
5312231
4391406
2014424
6004703
3242825
3155464
2952757
3294727
1304074
2090204
3633319
4763406
2519243
2329377
3077833
2582292
1375346
4856628
5882690
2010756
5336431
1965346
4428075
2254396
5395890
2971126
3253152
5914683
5065724
3812930
4201307
4095810
2942593
1018220
1241698
3762501
4768641
4056424
3353942
4970241
2142238
1670220
4538865
1471064
3526991
3517050
2965372
4870825
5930396
2073409
3459645
5389101
3854450
3202559
5522836
5315086
3023057
4069600
1420886
1895212
5990305
4187553
4169664
1205811
5419990
2902411
2399964
2122016
4151380
5856640
3013192
5485079
4184319
3188932
5281208
5640866
5263170
1942084
5685469
5717623
1762310
4236082
4971111
1277056
2353478
3001022
5602228
4398181
5671232
2494994
3518791
2470039
2320261
1300460
2933057
2001905
1707321
5133136
1992683
3122932
5827461
3964903
5223532
4613076
3438139
3528960
3970864
5297643
1715989
2180826
1004806
3925350
3545756
3651783
1166340
5791329
3914591
2216856
4565568
1778069
4245291
1615991
1017078
1422045
5313828
2072261
3000852
2602563
5023019
4746021
3619854
5463098
5501635
3718935
2545929
1760235
3155959
2575972
4619405
2745478
3967933
4492395
5673304
4935601
4264139
5889657
3757226
2593001
1963415
4603225
2845635
4495521
2958706
3207702
1892425
5207678
1961564
2048894
1760732
5487278
2151958
1057416
5857396
3632951
1282178
5939711
2495320
3265959
4254822
3886454
4211229
3527658
3480932
2996061
2108341
5330587
3681633
4445782
1666739
3387217
5127677
4439614
2000819
5860842
1738192
4073705
4740195
1347972
4074402
2850411
4470435
3622179
5778284
3019177
1571594
3725131
4433818
5464809
5777414
3768425
1401523
4364353
6017572
1074170
2324247
2463010
1035118
4205529
1712463
1173427
2668030
4152644
3069817
4498022
2860271
5992361
1724061
5880934
5550660
5774946
5180191
4033338
1272310
3557589
4964519
3493910
5976378
3124285
4621578
5757144
4719272
5087791
3148573
1777721
3301749
3534317
5086682
2743738
5256997
3253944
2694207
2417099
4725848
4476440
5964255
4852570
3503721
2575955
1873287
4974790
5740913
5083600
5240140
4740701
1122199
4412317
5491281
5046009
1044997
5685978
2486518
4260444
4931545
1024860
1545130
5760932
5182776
2743506
3116075
1492127
5962644
3268036
3188284
3516017
2251155
1406381
4950162
4908509
2523856
3272749
3684537
5771224
5873463
2342598
3983958
3835288
1847220
4368690
1510006
3708812
5618321
3059238
1236176
1917405
3291594
5835184
3010943
3126332
5873823
5818103
4849840
3741518
2706507
1830707
2088260
3223531
4857633
4383529
2185313
5490245
1004237
3540926
2922140
4942841
2462212
4636824
1667502
1335528
3771077
6003095
1088137
2073900
1051676
5301261
5665776
5529476
3698396
1928080
1812269
3403912
3515724
3746474
1604221
1561849
1774902
2343806
5773646
4272410
5389319
3434959
3463875
3700408
1424357
3722052
5103316
5464902
4142767
1295134
2539656
2970040
2076539
4528993
2850446
1079510
4538926
3950421
5611458
1467781
5988702
1179817
5649705
3355368
5654872
2728600
4055804
2178148
3085543
1140589
3910108
2526981
4310101
3205508
2779363
5633170
2015666
2516479
3406354
4975340
3915688
4298666
3059923
1884614
5048384
2542368
3170921
1156333
2043337
5720598
1661188
4553544
4234730
1059986
4333607
1022588
5419500
3977857
3783641
2853599
4775801
3895369
4665816
4935060
4637587
3804941
4860643
5326182
4763395
5296817
4163277
4705896
4010011
5879065
5991022
3859478
4462850
5517078
3727086
1652827
1224043
5317968
4299207
2819292
2305916
4899921
3314093
4587697
5674535
4030898
2970818
5313242
2612615
4447450
5337191
2304090
2347084
2637475
1353618
2927597
4476224
1292113
4034756
2180479
1450977
4592051
1457459
1915193
3050601
5573342
5994325
5450548
1592877
1312177
1876068
4227192
3742476
2636000
1641755
2981380
1440182
4309806
1970983
4029145
4786675
2735790
1990643
5035309
1806168
1978947
3079071
2223947
1525227
2038412
3877036
2349969
5901057
4769592
3072783
1641182
1114287
4857445
3380219
4739837
2906815
2635281
1478192
5334539
5923787
1972115
2372208
4406542
2655698
2631480
4362949
3719964
5654439
3651093
1227904
1117259
2716615
2426042
2797884
5421579
1983741
3601717
4890933
3366106
4712771
2302235
5779108
1043701
1502601
5862037
2863901
5374143
4033491
1790762
2900799
4670839
3185784
5784850
4281234
4767638
1265966
3694291
3862860
4026498
4212939
5970995
5108976
4444039
5015752
1079411
1400638
4439898
3433325
2167208
5435493
2745639
2099071
3380793
4306026
3457283
4299131
5446689
3516562
3697218
5762906
1369727
3491352
1855304
4239339
1370872
4191032
5827041
2196593
3308520
2103336
4139899
5208812
5279266
3771043
3830377
4641752
2375580
2815539
1887274
1607430
2001912
3892544
1613915
4014178
1088742
5190288
3301218
3130822
1602987
4587918
4035056
2090976
3980014
2773954
4865994
5732843
3093202
2329810
1605770
1247002
3852003
4022982
3087336
3638760
4016591
3287312
1316883
2356793
3896561
2208429
2753844
5584127
4767595
5266002
1760120
3597508
3554687
2112502
2615469
3354347
1880872
5321823
2484683
3315710
4625834
1328381
4376424
2930679
2832657
3176014
5882402
4168680
5160780
4452243
4881494
1978918
2915167
1652442
5779929
1219229
2032365
3650878
1741943
5196906
5556641
2434577
1503344
1056135
3854971
5344850
1893471
5292299
4877179
1363413
3100175
1558123
3154473
4912138
4709099
4493367
2162263
4089812
2377001
2704615
3501804
4667962
3971378
3088844
3097037
3565566
4719992
1680181
2980481
3856797
5932268
4684000
5952609
2816876
3517580
4336731
4084813
1074551
1446401
2959137
4066815
2614751
1765475
2387283
5350318
2576747
1629002
4017678
4293646
1421096
1646300
5961161
3025678
5954610
3081827
2167771
1454335
2312242
1582117
4258488
1049179
2354617
1816457
5732231
2227838
3967081
1604313
1602773
1097049
1203997
5618559
3379571
2785143
5272832
3116527
3712948
3470051
5613358
2674484
5950446
2745753
3500403
5525663
5198414
5715559
5149826
1470640
2202408
2841542
2767075
4420212
2172686
2192662
2675832
5309586
4201483
4634988
3097053
2656107
2893439
2130225
4403844
4593451
4510517
4970096
5240447
5964570
3691047
4963357
2278747
2739202
4667168
4816184
4326907
1178629
1331105
1624341
3468671
2051530
2201928
4494551
5301396
2321515
3955401
1122587
3057962
3176374
2442795
1592578
2531756
3514323
5962305
3227164
4453508
1230080
2137337
5046529
4742510
2658456
1314278
1306431
3261751
3462972
4062138
3953371
4338768
5319347
1168937
4380800
3827883
1204203
2964309
5530220
3908784
3876220
5791430
4582865
1310666
4565466
2258984
3403582
5436631
1115835
5259112
1877856
4394653
2122328
4932860
3941371
4263578
1027865
1950398
1088817
1158515
5434332
3571797
1106964
4026195
4422131
1378148
5023058
2191518
1940211
5198076
3482541
1664249
3024508
3322727
1794836
2253688
3888578
4628395
1546396
4376279
3419429
1793757
4225241
1177529
5075816
5158047
5426605
1724036
5343186
5742950
4573625
3259670
4246123
2870182
5279673
1766452
3841829
2840975
1597883
3105634
4595181
4174668
1182796
4051224
5911253
5812580
2824345
4079629
4381846
3202267
3501677
1594413
4081005
3819720
1103739
1951667
3442215
4503542
4704766
2925333
4746580
1721989
2289090
4252933
5099674
1049748
3247987
2489917
5043542
5066571
4759151
4836721
2501193
3545340
1312431
5293068
5954447
1889465
3887366
2320112
2128332
4886925
4543864
2939158
3182602
3428433
1594851
3389331
2245495
4714253
3009687
2493712
1948576
5817540
5208303
2933741
2482905
5750696
2184542
4749825
2775244
5692829
3646113
4941377
3544617
3214349
1442647
2679348
5067501
4065750
4082734
2689522
2029993
4676891
3652380
4482619
4798081
4413660
1687463
1774042
2776915
1951143
2243336
2760745
3366562
4929214
4303771
3304912
4519303
4012798
5792253
5024558
2111220
3962295
5004337
1349322
1784060
2136190
5862119
1494595
1915757
1457929
3259444
2195901
2106494
1747767
1585208
2376662
3719209
4357843
2866026
4043453
2773250
4606325
2823656
1265398
3535445
2581462
5777316
4240413
5341207
4460763
3372378
2489381
2044936
5687780
5780506
4188039
3636755
4800436
4851773
2942311
3985046
2899388
3728255
1631037
5989973
1801723
3728304
3165024
1599553
2527105
1820420
4708907
5304243
1279431
5995460
3773741
2277780
2335231
5682442
3367109
2303723
4778676
1055187
4207785
5655459
5884022
4097467
1890320
3054426
1068597
4058467
1327067
5415781
3967622
1152464
4443365
2288823
4193201
4197038
3335059
4311095
5372225
4921712
5339148
5573558