train_subjects
1646490
1924347
1565123
1873090
1058088
1942839
1343132
1457244
1885438
1849770
1331105
1331875
1017408
1453036
1347528
1786203
1627620
1204382
1097049
1940921
1335847
1332317
1329914
1625918
1679033
1362717
1241698
1364089
1265106
1785406
1561145
1614827
1866564
1857649
1863552
1720779
1799180
1826467
1841623
1769236
1428359
1044766
1274873
1724754
1320672
1917405
1593437
1854343
1070455
1579746
1675045
1714006
1927650
1268118
1663283
1062018
1527069
1827992
1833114
1753283
1620103
1868632
1961496
1491802
1803163
1486097
1120170
1978026
1195698
1229072
1081591
1715753
1428951
1341558
1406961
1632129
1872823
1632075
1950364
1642199
1923509
1640592
1680158
1423445
1630497
1683740
1611996
1105667
1562921
1810206
1940880
1723679
1347497
1423189
1089109
1654599
1357220
1755257
1164060
1192991
1795420
1503972
1818368
1292820
1360027
1362459
1406411
1940091
1943453
1422781
1448050
1012410
1951667
1528413
1317469
1495159
1389681
1903856
1536706
1496904
1523920
1106341
1581915
1580809
1732482
1151785
1599217
1312992
1862553
1560126
1439077
1860047
1728075
1840913
1105703
1178602
1520188
1272913
1602684
1764572
1335125
1484392
1301303
1625592
1217435
1902960
1757745
1129104
1127017
1390131
1448976
1178220
1033733
1173337
1303050
1440207
1565628
1216477
1744670
1036412
1165278
1269837
1687135
1588183
1840208
1310623
1552149
1140589
1196181
1936048
1575870
1202594
1421096
1468517
1679309
1675557
1177832
1372344
1393921
1846504
1610636
1951728
1561849
1138821
1928080
1544207
1625308
1118930
1244518
1178271
1362995
1851319
1593619
1124163
1581797
1203960
1515858
1223099
1915380
1390937
1554537
1557167
1796931
1255920
1840980
1862776
1197147
1768770
1093066
1178146
1389256
1166252
1746862
1074971
1450473
1058954
1879539
1841777
1320118
1344060
1919468
1266423
1802312
1335528
1344613
1612665
1131465
1034881
1582014
1109538
1011845
1812817
1659453
1526925
1203782
1199447
1626433
1322560
1909498
1630639
1010001
1288851
1423452
1227075
1003644
1332976
1747357
1494595
1916650
1580564
1507124
1303934
1363413
1995711
1704334
1477434
1006367
1157229
1767789
1795550
1313569
1218789
1414369
1749915
1027413
1882605
1216780
1694470
1285989
1149720
1376542
1932297
1125548
1187984
1170897
1153407
1174534
1853679
1450998
1154306
1170365
1922644
1070029
1160987
1058723
1895301
1757832
1380143
1724093
1721142
1601787
1620777
1585279
1206201
1831090
1073782
1669184
1441165
1263317
1269884
1133521
1404987
1508845
1516790
1873276
1332501
1017930
1637096
1848272
1820953
1919377
1816457
1532057
1621393
1889185
1805790
1636568
1222354
1101358
1853134
1760744
1744111
1465862
1243270
1913717
1892798
1978947
1574086
1431729
1292422
1341277
1396499
1536749
1564498
1720575
1523996
1184401
1141987
1514089
1088889
1399817
1303831
1992861
1191304
1366353
1776385
1526016
1298221
1428890
1651508
1687077
1212681
1238039
1891950
1393003
1381566
1129557
1927288
1651120
1915978
1564918
1254732
1029356
1716215
1032722
1568479
1049108
1176134
1185419
1604581
1749632
1844308
1563922
1523848
1324020
1882230
1457687
1983230
1898455
1966574
1191362
1924728
1229876
1530742
1446798
1460754
1784466
1185629
1025887
1245347
1071202
1663790
1159618
1812514
1447236
1797727
1457373
1251808
1585163
1522969
1798022
1076754
1824265
1328381
1609676
1172794
1982601
1189819
1027705
1936797
1931705
1210934
1151509
1770227
1978116
1027134
1003957
1326935
1280778
1003429
1734744
1199550
1309922
1464563
1664174
1802468
1178039
1169241
1641013
1925159
1379838
1885712
1208217
1907320
1830648
1779380
1292528
1709508
1154897
1809499
1060667
1848200
1726905
1373083
1270943
1976045
1317155
1948478
1885018
1226702
1272509
1300363
1652814
1285358
1653822
1088742
1024459
1662277
1907890
1500096
1511138
1158133
1825522
1121025
1103202
1765475
1325695
1956704
1997608
1404695
1740787
1002942
1416945
1061488
1524239
1662487
1482168
1518291
1877867
1899754
1617586
1861580
1401744
1275788
1163999
1392342
1518366
1865592
1457418
1447601
1561593
1560980
1492127
1592877
1211526
1246707
1156121
1931425
1169798
1566596
1519271
1821048
1525167
1322821
1313079
1946380
1760648
1501792
1068649
1190585
1237570
1008125
1528020
1706928
1231982
1319509
1766802
1390392
1019287
1479282
1147313
1577102
1109039
1095228
1809849
1469013
1997631
1863989
1193654
1789990
1160831
1132456
1594413
1347972
1498115
1194100
1619272
1199373
1224098
1997237
1405563
1371115
1542933
1407276
1641550
1520887
1501389
1225172
1768885
1877880
1737030
1762886
1415963
1750392
1928902
1619951
1047147
1674642
1952324
1997666
1812697
1756442
1393329
1155607
1961219
1241569
1613188
1480510
1727967
1919072
1454572
1814676
1957964
1446705
1799497
1716461
1903353
1441797
1264822
1348687
1162979
1272546
1089336
1623454
1073662
1679517
1604519
1991688
1075281
1724061
1934592
1588538
1478797
1929176
1339748
1633218
1687513
1001498
1224969
1772102
1412125
1154244
1606560
1078601
1895853
1306479
1226156
1854803
1978366
1839255
1045972
1267608
1178419
1009927
1273979
1665424
1865443
1117882
1516707
1808388
1772366
1703272
1879207
1330225
1024471
1769638
1113428
1341696
1549313
1046489
1637020
1260082
1807729
1704119
1182266
1686267
1013594
1699393
1645346
1842451
1833663
1166756
1291447
1411521
1749495
1595146
1591933
1130703
1753185
1687361
1896180
1977461
1066847
1271933
1823427
1126602
1358667
1304074
1640315
1705561
1797361
1246185
1822563
1192706
1487739
1254912
1082669
1221689
1523044
1833350
1616148
1415958
1690983
1798112
1074549
1665369
1791295
1605031
1799142
1606095
1635402
1102941
1840651
1345384
1044124
1708051
1603904
1397992
1523962
1485000
1692755
1491647
1012507
1881140
1978394
1757150
1027743
1021223
1694441
1896206
1356982
1737519
1248090
1470309
1889003
1224991
1432941
1130224
1474744
1279415
1805118
1281537
1273441
1218577
1991673
1197003
1929270
1647735
1510172
1550751
1108044
1566760
1194434
1970338
1692883
1879373
1975595
1751106
1332271
1397745
1920348
1050985
1335483
1519602
1627049
1806611
1261578
1891998
1944378
1488693
1301016
1589767
1920407
1200901
1747379
1175850
1683434
1993111
1647810
1566339
1675196
1677358
1827289
1339365
1870632
1998120
1107126
1134039
1332247
1994314
1216962
1622121
1917090
1221162
1329890
1988663
1876980
1665913
1850633
1804949
1103739
1238823
1215222
1465332
1015821
1715989
1265398
1442051
1152971
1379912
1123674
1494060
1351536
1739334
1679963
1706154
1765879
1658037
1015938
1610825
1252832
1398262
1584677
1468397
1382018
1625203
1877856
1038404
1545225
1304724
1228785
1794660
1959074
1904605
1994459
1901810
1953609
1926701
1274237
1729991
1042952
1570541
1794477
1332991
1568638
1238501
1487456
1152660
1564573
1067315
1752380
1833994
1220217
1053186
1412534
1451412
1892378
1368081
1167503
1154586
1537429
1661663
1793338
1916381
1777059
1578651
1706419
1957246
1643595
1022947
1606369
1938408
1641471
1257618
1377339
1970794
1276313
1986219
1918455
1871236
1542756
1901274
1148017
1214613
1194298
1089727
1507212
1296808
1580550
1569125
1884614
1769440
1013719
1421555
1255421
1279236
1706218
1777721
1380415
1536599
1879929
1862875
1619787
1213913
1952599
1039907
1860253
1297891
1527254
1870681
1226900
1530622
1239081
1820042
1727175
1763803
1180045
1008375
1287648
1240313
1564090
1055059
1366732
1995845
1782607
1347332
1232954
1987298
1595714
1895264
1689460
1634166
1640382
1565691
1411748
1399379
1561907
1101156
1204394
1842353
1995966
1505872
1338944
1624744
1363990
1049179
1311952
1152514
1232946
1967711
1878378
1452448
1143820
1401246
1794019
1004806
1051038
1402932
1786210
1768871
1760235
1336208
1458040
1000880
1792353
1304275
1854810
1305061
1694114
1650440
1348772
1141086
1146207
1010157
1041791
1489325
1285251
1034121
1206746
1337427
1444375
1666786
1767878
1083682
1432433
1561442
1196282
1669323
1095450
1358529
1277056
1888544
1606310
1228387
1513241
1582051
1011343
1087974
1261126
1747394
1952831
1205586
1729670
1664409
1707089
1500474
1932034
1958253
1344423
1461502
1669287
1016830
1414771
1287693
1643186
1126542
1731389
1737221
1506968
1814897
1941947
1121038
1891508
1004237
1420886
1188180
1046215
1333654
1776009
1295499
1595866
1831287
1730958
1109218
1293667
1174008
1990326
1291404
1225155
1623753
1933870
1434533
1997548
1831075
1940617
1575286
1229709
1706372
1778209
1714590
1527899
1106964
1800599
1707321
1584057
1919114
1482588
1277232
1491403
1249407
1000246
1780285
1119288
1378911
1559187
1198442
1388448
1715896
1636674
1841295
1888051
1932719
1360049
1608888
1529822
1255780
1196688
1201311
1452688
1670629
1053415
1934234
1089077
1700799
1468134
1524715
1526070
1019527
1679253
1561536
1303296
1838948
1897315
1596740
1338500
1759210
1324608
1536808
1034164
1600468
1537834
1378445
1893586
1706021
1983833
1724267
1365105
1131329
1042749
1419246
1267295
1784060
1772245
1464766
1338096
1003797
1544074
1955079
1088697
1513608
1928700
1946250
1871105
1695097
1853103
1314732
1623066
1829683
1515318
1377722
1924656
1117259
1942084
1950711
1604946
1234142
1372358
1637383
1264968
1268329
1601415
1930535
1841202
1882716
1850399
1806168
1501538
1457194
1614425
1912798
1299661
1944975
1867403
1730047
1375047
1671342
1258658
1749321
1492468
1946239
1831506
1709406
1113954
1595324
1284779
1299076
1747486
1702167
1528679
1551563
1108382
1471641
1650054
1414511
1262340
1249513
1235037
1329236
1082761
1821089
1968802
1318520
1210525
1289634
1082676
1056580
1693467
1802585
1693750
1750586
1906990
1628607
1625573
1310608
1800039
1790029
1136698
1051878
1829767
1151310
1227904
1527775
1050486
1952005
1194740
1016346
1175400
1337329
1145032
1015877
1983435
1997004
1790925
1410836
1528335
1681467
1584770
1254147
1131209
1517175
1522389
1598066
1352209
1852854
1690313
1055814
1923181
1990784
1416695
1393998
1030481
1990214
1025225
1435568
1780086
1605454
1267830
1405049
1128301
1194172
1451855
1421018
1135620
1208776
1678755
1790424
1351593
1281457
1463450
1391852
1110692
1870402
1064952
1803303
1485280
1512512
1568143
1864235
1227654
1438141
1218968
1107095
1745277
1671740
1054158
1006526
1102539
1915757
1705615
1744641
1016033
1977771
1856283
1229055
1145063
1080342
1578554
1088382
1105121
1326954
1724887
1748535
1621513
1886317
1595556
1079885
1500071
1469878
1305173
1650584
1426585
1016743
1048666
1719404
1651531
1107328
1265416
1318845
1416525
1927460
1690659
1920727
1583209
1515502
1436557
1788327
1792341
1203298
1721643
1726693
1044997
1465066
1056419
1675905
1109197
1072617
1224043
1594438
1835220
1116225
1727068
1760120
1451678
1145498
1999563
1931442
1532390
1806412
1335612
1939545
1320329
1418779
1684228
1176555
1093741
1625184
1627884
1923493
1273416
1296296
1241833
1612925
1984120
1593312
1521121
1543218
1567021
1289968
1274176
1077684
1742335
1649905
1590825
1007433
1942785
1768702
1628114
1183437
1974470
1399168
1240997
1341239
1825614
1487360
1387276
1923215
1687348
1567393
1508165
1422488
1757112
1678349
1077324
1951601
1271075
1542660
1430428
1300643
1035118
1219270
1233045
1468958
1478520
1514453
1422045
1969790
1094222
1364267
1623587
1341895
1892253
1072801
1091773
1984986
1264404
1311183
1856950
1125631
1610034
1552966
1226273
1649488
1467508
1411577
1137331
1962332
1053930
1448903
1687426
1709316
1989240
1825119
1791500
1944191
1178324
1611081
1850338
1237863
1407019
1904948
1168937
1978713
1862584
1261733
1441470
1701902
1197905
1271026
1345069
1922711
1885020
1271245
1116518
1785185
1566923
1780490
1170433
1002967
1314775
1600106
1287557
1489922
1639313
1439952
1329541
1660846
1005542
1088331
1569040
1496738
1476610
1305312
1121628
1283245
1128895
1618230
1632635
1698340
1095276
1283394
1346701
1917210
1344734
1045214
1545571
1057735
1571341
1727158
1218404
1158880
1680334
1692140
1316182
1229173
1508343
1166861
1634846
1487798
1310033
1986603
1516087
1751711
1567432
1971113
1425736
1820420
1917506
1765419
1101862
1332444
1548235
1497319
1696726
1601502
1502224
1544700
1227514
1368872
1248889
1982217
1035838
1475611
1078112
1930029
1870760
1194633
1322107
1866717
1858742
1572640
1470517
1760283
1153684
1767351
1604264
1667482
1976316
1299052
1380046
1018012
1406174
1004128
1554769
1288268
1886262
1871776
1922547
1833711
1607430
1594608
1832597
1125191
1100136
1042490
1283588
1654259
1248767
1244547
1473989
1322387
1597001
1879772
1872098
1400289
1806170
1114075
1834059
1275475
1166102
1865742
1118858
1775437
1365703
1448389
1473057
1024404
1859432
1979122
1861197
1563853
1432459
1592733
1385647
1895014
1233118
1303012
1839105
1161212
1967188
1808755
1216861
1629126
1063586
1151630
1877337
1155876
1778531
1539856
1909234
1020411
1045251
1754478
1224259
1897195
1744684
1709921
1493509
1592084
1841764
1556464
1443222
1391093
1375346
1757826
1757638
1911185
1473094
1629002
1624104
1406094
1886039
1735947
1183746
1834169
1017728
1412510
1828419
1614202
1199074
1276298
1080618
1034371
1461078
1384991
1477014
1148441
1179774
1958456
1231280
1155533
1067514
1122138
1288047
1867946
1787917
1458358
1496611
1284659
1699751
1150180
1828616
1977231
1689230
1033163
1273520
1911087
1414448
1671946
1613242
1331482
1558550
1649465
1644279
1879543
1218736
1882454
1328936
1504076
1284740
1608134
1128532
1029065
1793469
1731602
1291687
1961564
1343630
1492192
1268672
1561892
1568371
1291258
1416393
1163771
1847727
1782596
1578886
1998254
1511534
1950093
1598650
1737647
1922810
1561378
1595808
1640817
1932813
1487830
1873287
1736219
1258709
1722459
1737723
1742712
1073073
1695826
1633021
1957406
1951734
1429101
1329595
1111425
1757177
1213898
1797317
1079411
1450977
1936350
1429859
1180566
1176378
1920808
1838138
1651091
1615012
1782343
1569936
1216137
1807677
1851082
1134866
1875896
1293272
1573700
1334895
1121755
1017844
1837131
1665016
1834536
1967923
1182839
1023475
1803821
1601832
1650272
1732502
1824066
1299874
1539689
1471599
1531809
1043889
1874051
1955795
1241534
1272455
1883177
1581225
1655487
1483432
1975224
1924832
1585901
1392092
1897861
1419052
1059430
1941063
1006428
1932661
1981765
1234993
1035867
1242207
1468561
1820687
1059492
1269696
1413164
1038822
1506365
1655189
1802165
1874960
1193075
1794527
1714434
1261535
1629554
1144010
1054282
1061726
1791152
1547018
1090975
1332765
1510006
1677288
1737618
1155130
1774755
1593754
1521791
1465534
1268801
1427204
1140777
1670064
1773064
1467557
1169378
1283678
1274110
1593852
1876231
1116915
1138812
1498505
1586229
1467515
1203997
1286974
1096521
1798832
1359833
1669962
1498577
1682492
1926611
1211659
1802735
1113410
1250572
1307467
1794291
1725078
1744135
1195804
1986717
1083237
1435890
1935687
1233104
1392469
1291496
1741162
1937426
1699160
1295033
1875142
1835574
1557924
1469676
1825511
1593429
1931456
1385239
1141064
1479158
1229048
1720250
1035341
1181933
1606692
1388597
1070597
1161519
1611962
1551286
1783720
1595987
1318982
1423410
1095817
1018426
1735738
1670670
1915189
1783257
1242687
1238218
1702639
1111963
1354032
1716181
1698153
1817990
1038351
1674304
1708659
1401655
1828668
1365826
1234288
1384882
1101534
1057339
1224823
1677753
1056135
1775470
1629493
1349176
1568248
1822092
1768023
1441468
1655853
1884956
1927993
1913860
1023670
1103608
1386528
1003470
1199042
1529941
1962510
1559322
1323267
1233775
1163334
1089987
1643584
1574751
1518780
1558433
1027354
1536580
1339108
1254758
1323520
1920271
1556527
1892851
1821242
1266143
1344320
1975054
1583950
1067985
1806527
1750349
1376300
1765444
1100014
1597883
1694619
1914969
1515272
1871832
1262366
1219786
1546105
1478173
1349059
1409562
1406833
1727805
1675939
1431435
1192271
1016071
1030538
1252320
1747767
1527801
1040267
1307589
1349456
1200369
1251792
1990569
1602987
1499018
1300460
1063349
1135325
1332259
1740791
1350877
1147239
1453979
1611129
1808001
1524313
1044870
1523032
1067276
1028254
1762999
1002546
1549342
1857424
1375500
1238952
1152464
1406741
1838900
1462629
1152985
1729039
1205811
1878500
1334452
1076931
1197185
1147403
1353618
1564252
1117300
1775343
1672072
1799716
1368713
1169721
1447745
1325653
1233222
1879687
1334445
1109262
1209101
1045833
1575205
1893471
1672213
1195180
1255184
1095379
1863664
1525214
1060529
1702214
1060371
1002455
1481733
1780178
1594851
1773857
1220431
1588641
1404262
1642716
1190923
1894135
1774586
1794836
1231607
1162416
1528500
1130177
1342416
1553898
1377533
1555329
1906500
1605125
1049447
1070215
1452877
1087436
1979463
1429288
1096543
1170610
1903617
1327471
1470640
1258562
1478192
1558691
1507014
1025562
1123121
1446814
1779172
1108184
1896833
1999935
1487892
1505799
1726880
1791888
1168388
1712296
1223207
1715503
1088683
1634772
1604342
1203212
1941889
1054597
1747756
1398098
1130022
1638964
1305165
1706866
1841229
1032061
1033821
1477983
1714487
1929480
1823159
1439670
1440724
1683027
1722179
1969531
1991938
1050683
1374158
1118734
1864473
1706695
1186434
1105011
1187603
1484603
1646808
1344674
1960276
1031715
1021472
1274764
1217698
1829141
1400638
1922803
1390258
1421806
1221825
1812738
1232088
1856594
1845521
1544995
1730524
1597108
1040828
1687463
1256835
1085217
1982457
1941514
1757930
1540273
1340857
1087240
1047451
1009613
1207714
1809467
1295640
1880933
1664686
1003982
1294084
1837603
1356619
1761774
1857535
1039814
1137195
1197689
1392367
1314246
1246211
1899810
1304351
1611044
1249882
1505933
1493980
1039062
1445864
1100558
1080978
1771974
1935968
1050756
1948534
1451450
1674752
1395455
1263668
1290646
1994809
1713725
1658417
1195896
1758324
1113715
1812904
1255551
1870072
1735933
1729317
1780894
1502318
1798408
1398122
1340788
1468705
1468191
1219311
1413236
1504185
1546396
1866521
1931059
1280238
1362772
1580306
1455160
1280940
1614096
1865287
1261627
1666739
1352582
1048657
1646300
1516384
1889449
1364402
1206089
1259560
1508274
1689871
1947755
1992817
1946264
1724305
1489911
1187755
1710533
1673925
1998395
1758348
1010404
1632141
1306529
1723524
1311928
1084201
1800389
1081273
1148520
1672017
1520072
1624899
1006065
1211740
1817085
1887735
1473621
1249730
1338062
1802106
1421777
1972883
1540612
1394552
1428595
1981135
1905223
1302315
1135092
1895662
1313015
1793853
1612119
1890261
1862097
1501259
1000672
1741943
1093008
1715015
1090187
1343303
1622035
1940329
1110554
1787859
1377876
1144329
1620096
1391213
1625234
1382059
1561640
1824167
1617404
1552114
1110455
1379939
1822380
1853640
1974201
1848703
1300409
1667408
1886426
1978382
1055110
1426093
1068215
1721446
1379473
1872773
1816293
1350999
1341452
1075306
1904833
1428054
1091361
1839553
1685025
1202118
1270950
1565496
1471991
1009139
1225708
1695584
1700660
1424962
1359591
1633815
1028899
1568318
1260273
1130516
1517387
1300686
1307020
1269853
1143332
1160808
1363335
1783747
1993602
1360911
1679202
1684959
1718438
1598446
1891856
1384668
1209871
1356803
1530799
1852462
1376218
1283933
1696672
1205226
1515568
1765616
1728340
1771215
1445037
1491006
1453242
1949625
1545429
1313174
1292605
1906229
1878849
1647585
1436003
1956630
1852669
1518959
1670616
1802151
1620589
1880872
1339550
1142832
1712706
1365423
1883060
1304793
1318891
1591774
1602976
1820995
1874356
1622776
1350448
1207641
1449090
1801452
1981458
1626860
1864034
1103682
1917340
1189408
1807497
1421907
1424654
1951105
1790070
1902491
1731730
1158473
1622826
1182886
1777268
1761032
1940726
1806443
1603893
1496918
1935860
1969087
1433739
1047726
1089271
1911943
1370331
1637295
1660420
1310047
1549715
1802626
1769601
1789480
1404109
1462050
1593000
1080671
1755240
1399081
1530044
1593908
1125499
1323036
1755511
1779325
1503411
1082038
1107303
1464662
1582731
1358139
1703186
1333203
1104562
1505315
1730187
1056840
1936055
1762181
1784529
1629352
1519262
1415743
1295975
1498404
1444795
1187598
1208537
1331625
1055346
1969185
1245787
1210050
1793014
1997268
1108701
1886513
1278167
1138400
1142164
1365112
1403793
1156674
1287540
1591654
1844129
1625996
1037948
1613149
1285545
1548159
1140229
1259119
1284983
1914247
1609916
1743902
1026440
1485441
1378410
1460377
1720620
1501122
1221719
1758928
1437369
1800788
1095635
1223459
1444900
1200762
1676405
1400890
1047091
1818790
1490749
1760370
1618702
1534509
1333947
1568992
1023969
1556738
1236919
1299977
1227234
1087294
1846061
1568054
1564287
1101390
1591800
1781410
1556007
1082687
1015369
1578068
1501641
1600982
1461863
1968633
1094254
1863497
1097782
1101008
1578310
1160218
1806116
1330468
1024822
1211239
1027346
1775072
1562028
1858044
1205968
1134109
1637932
1931322
1123625
1243311
1693413
1822338
1414974
1505742
1534718
1008576
1270912
1773444
1236963
1188650
1547572
1848625
1868225
1598862
1508017
1628339
1987685
1096067
1689576
1288524
1645397
1924248
1686644
1333780
1612175
1346153
1059222
1387137
1393689
1774902
1722080
1797005
1824664
1774330
1696087
1919520
1904576
1198062
1524723
1850212
1090335
1386545
1089599
1202120
1994902
1912640
1722275
1902124
1768156
1639491
1159298
1998370
1943547
1455653
1084644
1907703
1689993
1539531
1353476
1477581
1446346
1720946
1641404
1576936
1498691
1735394
1405006
1422147
1506115
1995151
1656180
1346379
1460663
1948576
1278180
1805430
1154902
1063056
1815339
1491049
1495912
1516278
1504003
1016851
1782887
1593280
1906608
1182796
1914005
1772646
1328446
1487397
1620548
1166195
1867779
1549434
1986290
1519599
1921563
1529577
1742694
1306992
1088412
1796201
1976648
1527867
1122702
1947485
1101023
1993220
1092906
1489723
1000838
1250517
1832554
1188591
1289883
1877488
1612424
1612002
1543602
1784988
1954286
1172544
1771785
1222241
1331248
1251730
1630784
1930509
1287211
1399439
1885615
1029829
1772116
1458702
1156186
1721917
1434658
1925147
1940672
1005109
1368443
1173196
1553436
1669477
1663159
1390543
1665181
1977257
1250777
1243666
1618206
1143319
1871415
1995994
1408352
1246316
1950518
1105198
1749238
1315032
1983716
1137382
1768741
1549264
1055187
1760171
1008917
1889813
1293054
1558108
1266516
1332481
1333412
1990698
1900108
1171966
1926780
1729012
1951362
1273810
1610707
1073434
1684767
1821810
1979952
1798734
1758050
1888092
1302439
1770820
1016888
1149190
1946590
1744098
1525174
1895367
1315678
1448064
1674638
1487268
1686571
1890656
1194802
1518394
1963680
1144302
1903813
1858019
1153525
1666152
1343733
1898068
1760732
1591824
1221813
1167326
1042296
1393211
1857839
1123359
1938494
1735026
1231468
1031027
1318127
1803424
1237054
1526257
1496573
1012277
1623729
1959916
1562353
1753370
1259913
1036933
1651185
1218447
1558123
1870834
1939344
1489476
1393297
1996440
1369749
1846321
1395649
1697352
1580902
1681176
1238490
1989029
1550432
1969492
1774420
1684824
1518153
1571104
1979317
1467316
1180648
1882784
1559241
1459745
1465972
1413745
1717661
1010281
1915868
1407742
1079528
1332426
1695105
1617761
1700102
1585627
1573074
1794893
1260497
1291724
1553126
1430239
1421830
1453760
1235821
1168941
1347833
1489148
1272796
1278358
1660897
1359094
1182805
1428035
1770206
1225604
1594932
1720124
1386698
1845550
1022141
1772918
1744580
1741133
1147581
1334935
1244114
1975642
1472734
1154314
1094912
1770650
1711752
1940211
1649302
1493850
1887149
1149535
1815130
1812477
1037079
1171931
1811095
1289543
1562211
1931335
1234230
1599083
1681721
1214988
1880971
1515570
1417571
1795645
1681268
1364484
1483271
1318149
1018815
1295096
1303602
1578461
1664031
1983741
1916094
1303039
1183915
1369727
1091894
1331502
1775386
1854797
1230645
1645202
1044794
1170351
1057416
1306844
1097117
1914183
1919305
1471765
1401540
1460520
1882753
1823246
1784457
1967350
1506194
1109233
1313621
1770955
1440182
1026988
1774860
1434908
1932341
1010349
1686468
1270430
1214807
1426089
1588857
1903508
1881388
1015665
1935822
1601408
1571254
1097590
1229350
1581048
1472832
1631279
1407287
1703988
1136079
1525227
1963415
1459318
1562977
1217381
1813160
1493472
1428613
1138665
1018220
1742593
1932451
1919876
1832627
1323562
1320406
1757819
1002053
1444363
1631673
1860682
1388839
1830707
1974024
1474395
1364709
1922940
1845811
1064407
1567160
1159633
1928929
1686017
1281060
1739796
1833869
1520520
1552305
1498067
1252293
1617550
1007099
1905489
1640824
1702900
1292113
1552760
1277290
1238135
1158758
1132216
1283116
1139280
1013283
1828271
1250589
1977925
1190596
1268171
1170182
1749201
1864492
1431862
1017078
1613386
1291232
1772713
1974343
1357910
1883255
1970367
1400734
1205521
1589996
1068747
1454335
1597598
1177680
1662189
1247126
1002554
1531610
1385731
1383418
1772756
1776553
1383275
1956812
1799503
1388352
1737403
1314010
1491662
1823636
1727436
1832762
1450297
1691833
1820717
1545130
1143576
1554595
1645191
1126444
1880357
1535593
1040130
1019153
1375944
1147250
1247068
1985203
1855807
1494217
1722392
1809548
1970155
1996385
1998582
1422159
1820290
1081737
1199968
1147065
1132975
1541119
1937077
1469306
1366368
1897848
1058659
1579607
1727796
1450950
1563794
1180337
1249204
1622667
1815036
1820676
1492632
1870571
1489155
1035655
1796149
1307096
1298380
1353298
1648870
1418766
1395925
1707343
1212089
1868797
1732177
1296197
1421467
1104130
1146676
1645096
1151898
1452759
1057149
1519050
1107614
1909592
1277433
1033771
1058618
1728276
1937882
1650752
1095019
1229722
1390182
1970342
1002665
1201004
1315090
1067287
1091481
1373200
1157354
1434663
1571964
1826059
1655766
1305149
1308825
1820700
1524978
1910992
1474566
1972001
1453299
1504582
1350606
1641001
1883440
1865315
1299368
1896621
1318242
1262170
1483220
val_subjects
1400320
1201517
1620322
1624943
1372008
1949347
1299159
1283592
1819342
1932693
1241113
1018178
1616604
1176103
1482245
1581151
1213560
1540716
1414400
1208541
1956692
1821760
1891384
1515529
1664643
1606231
1381465
1457459
1155559
1049937
1696964
1695863
1347917
1165813
1990503
1240452
1693309
1356312
1791814
1997981
1734337
1419406
1565610
1001565
1503716
1612158
1557344
1070002
1990409
1648618
1555010
1866748
1940196
1883973
1255379
1638302
1584961
1949415
1171114
1050137
1493627
1275154
1126792
1011106
1635518
1409242
1722586
1991762
1498001
1922966
1131283
1491124
1580314
1308414
1122587
1845207
1879652
1306745
1314801
1722166
1389048
1121013
1183658
1611799
1953551
1347015
1640996
1818406
1869461
1270120
1566533
1851896
1748352
1694931
1504254
1494046
1577291
1059977
1495278
1809309
1882948
1527693
1655367
1552709
1429454
1947306
1164791
1040213
1863948
1467297
1179379
1601083
1524342
1681383
1499786
1587529
1892425
1158732
1520979
1416324
1374673
1680119
1687599
1645152
1042475
1752030
1416218
1916411
1878814
1604221
1405491
1525156
1390586
1870305
1139343
1484074
1038140
1373949
1620631
1142667
1821644
1818825
1572572
1327634
1180540
1858996
1063748
1901619
1586270
1385342
1808793
1428255
1848502
1160426
1588788
1711988
1230995
1964578
1664273
1567945
1206339
1918037
1926102
1468456
1434267
1509400
1283129
1946782
1571986
1381337
1601728
1320209
1206852
1354780
1539600
1720532
1170916
1217167
1896227
1431795
1490233
1034710
1959392
1946286
1843922
1722669
1122199
1471050
1921476
1559814
1144744
1806660
1941331
1084213
1866392
1772287
1218984
1620499
1544811
1253288
1674466
1685080
1682449
1359576
1909081
1848787
1651825
1007462
1470354
1279255
1902526
1193947
1171585
1607707
1147782
1540737
1472674
1236499
1855304
1923843
1233661
1253716
1523081
1450414
1589203
1832956
1271947
1887852
1422838
1774897
1652442
1974017
1353757
1817134
1363764
1172978
1772506
1619807
1616590
1406587
1121226
1522684
1040746
1682185
1599595
1572963
1897032
1480156
1818672
1241924
1626330
1590010
1497174
1206783
1165087
1446666
1401825
1275178
1583337
1169932
1529080
1307572
1056574
1340012
1942231
1454103
1423671
1275247
1393222
1774179
1442575
1181252
1306431
1481704
1519122
1006997
1930812
1704578
1169237
1246515
1965958
1203100
1506327
1508520
1130642
1543653
1161946
1458174
1152817
1629455
1130198
1192218
1774306
1543407
1594401
1325154
1895399
1626687
1096462
1116495
1702040
1437158
1314278
1592578
1126668
1847220
1763386
1984118
1498418
1123466
1772007
1007550
1272310
1714092
1364852
1696414
1427324
1756682
1724036
1189826
1749305
1042567
1051263
1468413
1058286
1774290
1352986
1646419
1926774
1356106
1013732
1601385
1537722
1383330
1142516
1140608
1312318
1237385
1457929
1042773
1155305
1516523
1581402
1679932
1278545
1092304
1223123
1531717
1654372
1063140
1582338
1095405
1935447
1406390
1976986
1550542
1302824
1068839
1106781
1078494
1072337
1812269
1570930
1114287
1423155
1050697
1224077
1416668
1376355
1533385
1714264
1185197
1279046
1522695
1733847
1781434
1612597
1253569
1174446
1204203
1857436
1034289
1589228
1798826
1866140
1981475
1284997
1652827
1191347
1992443
1265778
1815834
1912346
1044526
1650601
1287594
1841593
1039682
1239276
1542063
1444924
1735245
1585747
1813432
1911414
1437771
1870192
1935388
1452223
1297957
1300180
1832266
1980268
1518464
1431885
1283450
1664249
1556486
1351322
1186779
1221867
1621928
1286037
1162127
1476459
1464193
1314087
1303567
1881123
1984473
1177479
1798186
1753449
1755053
1743809
1741842
1503534
1394896
1897872
1830283
1057114
1810503
1538731
1462894
1540023
1603075
1612231
1694722
1621542
1571594
1599769
1834990
1001889
1703046
1486408
1026826
1554949
1399234
1305994
1298117
1808140
1255276
1009728
1371123
1206225
1269685
1384098
1849924
1523774
1669486
1709087
1985824
1925052
1240476
1688022
1031051
1257816
1996143
1840016
1424506
1246087
1350493
1269356
1502601
1414720
1762310
1837281
1687602
1872602
1714325
1591075
1910431
1411207
1094838
1783400
1346366
1242219
1945178
1031870
1657450
1592391
1927249
1354920
1093795
1658720
1882741
1241605
1414785
1732083
1656227
1457123
1068942
1474964
1810716
1347307
1067269
1539185
1038860
1059867
1891531
1079510
1301417
1675964
1980682
1614705
1670695
1615668
1871440
1964448
1170687
1820349
1924613
1139722
1358826
1760912
1464575
1031853
1747439
1829450
1054400
1787768
1288608
1395805
1582507
1991041
1680181
1510558
1736232
1021345
1689227
1511435
1927698
1567336
1447951
1258402
1862177
1040754
1322493
1413914
1051687
1251122
1848359
1021560
1480079
1254353
1071322
1613915
1350387
1495790
1394066
1138597
1035775
1487873
1705152
1584142
1195972
1023389
1499623
1748692
1131661
1843662
1586397
1978918
1706361
1592417
1539010
1256182
1142890
1287246
1260639
1659036
1309049
1420107
1061076
1716037
1757568
1455831
1088063
1374913
1655671
1483866
1795327
1808505
1400807
1129986
1072209
1631037
1097909
1288892
1503344
1328483
1177494
1673240
1065374
1636502
1236202
1525483
1807737
1713450
1734540
1247144
1574458
1966903
1764322
1550629
1964158
1915250
1152933
1389746
1785672
1582946
1832029
1187860
1151240
1115984
1344699
1347156
1196084
1867868
1190036
1497422
1078844
1108379
1956126
1173655
1457232
1071018
1656125
1009097
1166308
1808330
1046084
1384247
1293914
1615098
1230717
1257051
1872706
1834216
1271918
1709120
1296823
test_subjects
1948833
1722793
1986275
1799639
1945668
1571449
1375907
1195552
1940337
1750968
1238197
1729122
1561500
1739294
1543556
1510277
1182163
1917477
1027548
1008307
1609550
1289123
1320790
1446152
1854429
1043701
1354044
1328859
1019725
1929849
1726069
1528169
1984624
1654714
1091317
1711198
1074252
1189656
1972042
1478429
1084746
1385935
1468623
1963078
1195716
1887607
1533502
1156826
1522808
1385356
1457878
1615792
1716771
1854188
1554261
1799784
1868982
1988495
1392868
1184311
1603153
1018324
1207952
1212709
1991665
1187736
1811037
1399063
1394955
1217804
1027865
1714476
1596051
1950149
1692207
1372650
1893373
1873340
1208553
1406381
1262774
1007459
1186088
1448991
1020576
1264388
1829379
1879281
1855046
1448945
1604476
1641392
1688930
1670567
1306638
1871293
1419091
1281431
1657439
1396963
1731991
1465446
1012124
1837263
1668043
1603203
1196029
1592522
1130699
1506226
1387551
1160882
1003114
1582117
1961194
1294762
1106939
1252844
1884190
1222309
1722471
1986123
1996396
1736404
1431113
1583624
1935496
1629279
1755231
1997295
1942805
1615991
1925508
1222712
1237457
1551172
1685166
1865412
1419087
1662049
1270003
1692459
1433798
1848844
1360428
1764907
1663384
1530635
1446750
1573539
1312177
1593607
1134183
1349322
1387210
1006338
1999532
1585546
1096179
1018866
1105680
1706751
1211983
1497847
1640308
1254655
1375378
1636362
1411610
1493107
1754460
1186286
1494466
1165939
1921006
1832821
1508256
1420310
1591678
1277496
1485188
1152252
1146166
1749845
1080696
1542530
1979730
1736038
1019959
1047254
1739002
1083145
1399032
1681110
1184517
1042050
1844933
1948454
1729513
1550749
1886111
1715552
1594657
1994610
1193203
1771864
1432809
1524161
1745647
1378829
1359180
1884391
1702503
1584885
1984370
1766452
1338499
1841401
1075676
1525924
1354269
1791958
1211766
1739651
1079664
1921507
1550122
1642753
1248308
1282178
1570791
1244201
1247002
1798198
1219152
1003760
1980270
1134903
1048397
1675912
1084416
1830856
1180147
1005039
1851871
1094617
1954895
1510380
1564129
1924537
1908882
1087546
1706952
1551507
1908178
1592257
1567706
1115835
1266011
1456100
1152800
1025869
1068107
1946428
1663964
1486875
1972115
1883466
1341870
1947521
1600891
1377957
1441093
1616117
1444180
1406948
1022081
1430298
1262683
1765183
1244852
1378148
1634717
1075327
1180451
1704053
1675790
1490389
1998341
1706336
1171312
1791657
1279289
1244364
1076468
1594615
1182303
1459143
1945695
1632234
1526328
1783489
1023815
1166646
1141831
1745073
1777004
1135445
1128997
1068597
1480639
1316883
1743056
1182493
1781313
1374597
1707000
1729109
1480820
1482767
1688680
1673597
1964511
1633808
1659690
1401661
1002597
1436414
1647891
1232445
1442338
1142415
1450087
1994471
1694845
1601553
1167307
1547169
1467254
1210426
1818693
1678418
1651732
1725139
1516540
1211590
1541718
1215278
1883674
1379316
1187182
1951143
1932842
1405301
1871965
1253955
1653207
1728464
1331553
1061856
1156728
1042616
1755107
1600024
1330709
1095872
1907699
1767108
1599601
1716522
1625889
1741473
1361409
1153714
1718631
1574389
1787156
1880276
1602602
1823370
1280845
1833201
1726719
1585208
1368800
1250712
1400385
1760297
1487981
1426571
1864636
1706831
1945111
1585231
1401254
1855139
1740568
1179450
1425564
1890423
1162658
1706160
1500849
1518450
1446932
1612376
1557409
1603817
1945894
1774042
1592345
1919213
1414208
1535216
1278040
1219615
1863422
1705071
1713245
1294886
1117714
1123728
1934184
1301762
1502143
1748606
1237728
1455419
1021999
1282513
1184128
1271592
1709133
1480460
1641645
1612980
1719166
1267750
1618729
1799643
1476281
1629436
1829551
1865464
1838023
1966730
1367805
1316755
1041217
1356201
1750984
1023146
1424996
1855396
1345045
1339669
1889867
1988000
1489027
1442841
1751364
1050287
1137678
1749760
1011000
1743628
1737117
1877384
1312858
1532753
1282361
1734986
1000430
1828021
1279541
1842600
1047034
1944284
1964759
1035069
1045534
1615653
1856162
1621879
1563544
1101818
1467838
1629068
1471882
1361422
1822403
1394698
1894481
1042178
1085261
1973919
1453093
1668567
1624341
1235901
1755119
1494408
1725022
1020156
1758788
1418922
1681474
1691446
1334870
1408472
1945146
1981361
1663939
1089324
1837968
1683954
1627922
1593386
1146365
1230496
1644400
1322583
1493181
1349873
1069828
1881418
1899072
1619198
1718059
1233451
1981840
1860814
1403194
1026516
1885849
1256306
1786742
1481673
1330518
1765934
1153894
1903912
1321565
1455296
1383459
1133628
1345034
1466956
1430286
1065816
1846681
1661017
1467781
1889905
1918651
1258453
1218330
1417735
1598847
1965018
1332005
1487958
1221964
1753147
1812357
1186526
1327067
1708403
1080014
1304736
1177951
1644352
1134005
1259231
1941654
1606796
1771980
1183238
1188292
1765882
1901596
1963293
1767748
1575581
1059028
1748472
1684713
1960506
1544349
1462220
1447680
1590045
1570570
1415152
1426915
1928941
1650293
1182913
1039975
1682120
1236176
1435494
1071085
1119729
1103467
1002560
1230652
1359156
1318429
1946960
1613165
1716762
1977560
1117831
1441386
1897780
1467582
1178629
1701166
1265966
1766708
1420132
1371984
1408673
1764743
1496588
1284519
1683410
1432953
1765808
1138718
1229559
1177529
1982371
1430841
1268880
1489193
1199140
1803718
1901165
1950735
1182489
1126135
1965682
1692281
1229343
1716310
1348115
1474133
1806141
1850367
1444528
1209936
1067019
1469314
1134538
1133883
1711832
1807591
1018857
1738256
1732728
1007067
1743652
1091146
1159563
1493303
1976028