train_subjects
1193075
1990503
1280533
1562211
1596895
1195698
1917506
1163999
1640382
1414208
1452554
1871965
1502143
1115984
1485437
1600468
1071202
1670808
1696087
1022081
1347363
1986603
1741473
1974343
1153407
1289717
1154902
1195896
1263668
1139722
1590120
1916292
1151898
1118734
1373949
1467254
1845652
1499229
1048397
1640824
1341239
1294084
1485398
1937882
1891414
1604155
1681474
1480079
1034121
1155130
1913564
1800039
1172868
1981135
1313227
1322107
1739651
1027743
1515272
1464575
1982371
1549620
1775386
1519122
1140892
1472832
1041217
1254353
1330709
1539185
1129986
1025192
1688930
1340012
1360662
1393034
1408352
1627884
1034371
1569381
1388839
1691900
1659957
1582073
1604221
1073782
1556007
1223564
1841892
1535814
1587431
1320672
1343733
1496276
1827728
1458358
1871930
1886317
1096521
1867403
1333252
1469388
1303197
1784060
1166646
1886262
1399081
1565628
1324187
1728959
1738735
1701290
1628559
1527693
1644352
1592733
1333654
1504254
1769236
1808001
1250963
1828271
1264968
1779172
1625573
1716771
1473319
1791657
1417735
1672213
1637401
1687135
1166102
1421777
1774755
1241113
1926701
1898455
1998395
1560535
1754008
1590880
1534240
1471991
1640308
1946380
1923493
1749321
1487958
1233451
1670567
1455160
1556697
1515819
1751343
1622826
1470309
1160426
1928941
1584677
1736676
1760370
1554949
1020249
1143820
1185580
1383330
1070511
1845521
1550542
1792341
1312046
1918651
1876240
1229343
1793853
1980311
1969087
1675867
1514188
1066358
1945146
1398039
1895662
1688022
1061449
1858044
1394698
1451836
1524239
1770820
1075306
1940758
1880527
1762898
1898901
1268672
1266143
1299297
1158732
1830856
1476258
1184919
1892425
1241605
1074252
1310047
1665424
1138436
1156568
1405853
1333276
1211983
1940672
1260082
1258658
1305312
1432433
1107522
1557167
1267018
1848844
1834216
1606095
1368026
1042475
1773969
1123769
1795327
1368081
1834990
1145063
1224098
1280940
1462259
1670064
1802735
1709120
1612597
1878500
1454103
1931335
1390392
1960276
1375500
1643584
1145498
1080014
1075327
1833280
1822532
1100221
1567432
1295640
1645152
1314689
1453746
1090335
1332317
1189656
1403194
1625742
1891998
1423618
1717661
1031870
1793286
1635778
1641013
1020576
1080696
1829141
1994809
1312318
1008917
1932034
1498404
1064513
1616558
1744098
1255780
1798734
1706952
1990326
1111764
1687077
1036421
1726661
1942461
1634074
1571523
1352582
1368713
1870571
1146166
1669477
1281060
1991665
1650769
1568638
1015938
1378469
1363413
1018525
1056928
1178146
1313015
1389048
1145421
1406961
1171585
1765969
1778209
1437369
1054597
1116559
1419087
1822563
1023475
1116518
1585901
1050486
1899072
1275247
1565496
1634717
1146717
1604476
1983716
1106781
1058659
1991070
1709406
1922470
1661441
1282183
1050756
1919377
1553126
1047118
1128301
1171931
1632234
1279236
1656612
1997666
1829379
1727796
1956126
1526328
1158899
1561907
1512878
1070839
1419977
1902491
1564498
1966637
1303012
1010281
1955079
1062018
1105680
1389681
1515529
1422488
1662884
1209936
1147250
1248767
1915205
1303894
1286974
1001742
1977925
1877488
1340788
1040828
1665718
1485000
1335847
1865464
1409280
1126135
1831026
1867779
1856283
1326935
1864297
1955358
1254912
1002554
1692140
1342256
1743056
1310623
1985824
1027705
1905649
1767433
1207481
1381337
1877775
1934234
1497847
1332765
1484603
1293667
1199968
1192490
1872098
1275475
1156186
1274110
1504185
1779136
1613242
1532381
1156674
1357233
1084746
1132975
1753430
1957406
1147065
1919312
1696964
1251808
1732502
1357220
1592084
1608134
1386784
1820290
1201004
1520201
1381763
1118858
1623066
1696010
1855807
1757819
1734427
1834378
1000672
1025869
1522389
1706928
1063056
1851871
1865315
1619272
1307253
1646300
1715896
1806090
1180986
1939344
1314838
1165763
1782887
1305165
1144329
1616148
1759959
1866717
1156255
1621204
1053186
1990784
1274085
1880933
1799180
1083975
1583337
1617586
1197905
1575581
1644692
1184401
1065313
1953609
1484290
1609902
1033095
1496588
1087240
1803535
1781313
1888092
1210525
1714841
1135092
1339550
1655671
1441470
1113954
1783796
1171994
1745073
1067514
1291496
1656227
1590045
1312177
1738165
1154349
1090346
1988495
1577725
1146207
1898068
1332501
1453093
1882784
1182796
1444900
1982973
1604342
1272509
1903508
1574751
1526016
1300363
1095323
1021345
1970740
1335483
1946239
1401744
1272980
1398262
1882230
1006367
1478305
1952432
1034710
1102327
1816832
1411577
1677358
1964578
1083480
1552305
1805790
1686017
1991688
1216137
1589228
1289883
1827601
1427204
1926780
1222777
1333075
1085217
1121226
1946782
1675133
1581783
1010001
1687426
1806412
1453299
1304598
1091146
1181081
1724061
1049108
1808330
1117831
1047451
1647891
1229173
1797361
1261692
1165921
1669287
1467297
1955795
1951601
1599601
1282727
1448146
1305149
1120971
1891531
1154550
1478520
1283486
1152985
1155810
1540023
1110692
1984624
1304736
1283678
1088063
1404039
1699393
1357910
1480460
1508274
1813389
1848272
1311183
1950149
1129825
1831323
1692207
1906990
1083682
1177494
1537834
1507212
1728379
1217435
1699641
1578886
1524342
1975224
1533502
1112880
1646419
1327471
1345856
1230652
1355916
1551507
1002560
1585208
1270430
1799716
1794044
1589203
1267004
1499786
1332247
1765808
1367821
1755053
1669889
1884839
1180451
1176103
1435494
1299661
1172544
1819027
1468134
1511138
1044997
1856594
1042773
1880357
1077324
1798826
1720124
1697762
1068257
1465896
1121496
1334445
1937077
1465534
1081989
1664409
1197185
1242687
1828220
1284659
1992565
1039018
1927993
1260497
1584057
1734185
1054223
1683434
1454572
1185197
1787768
1715015
1305994
1615178
1472674
1261578
1719080
1280923
1121013
1352209
1237863
1463646
1565603
1489325
1368443
1115835
1779507
1501259
1195804
1246087
1494236
1934477
1846321
1098994
1107126
1174460
1033016
1243536
1854797
1928902
1130752
1953439
1451678
1080618
1735245
1182158
1223748
1559814
1431113
1360476
1966296
1713382
1146676
1567021
1208541
1174534
1246316
1692099
1744233
1347833
1534747
1951734
1050697
1895014
1789990
1035341
1498418
1700904
1793014
1001565
1141064
1697132
1402176
1471882
1750392
1772756
1801452
1314010
1704119
1296823
1552760
1315090
1543285
1225155
1518780
1812738
1069242
1211526
1655014
1139940
1847372
1061488
1453106
1320790
1046303
1991279
1770955
1162416
1453242
1516384
1988000
1615220
1105667
1378911
1508256
1906500
1084201
1625918
1116915
1790029
1826467
1633815
1207372
1976045
1265299
1284740
1728592
1073434
1749453
1840455
1558691
1027134
1420886
1726069
1706831
1885712
1303831
1932341
1536706
1402865
1382926
1162441
1772245
1095738
1128243
1811037
1593852
1697461
1481704
1246414
1356188
1503936
1805118
1276313
1971545
1977771
1623753
1640817
1656729
1974470
1523774
1838023
1768716
1617761
1555010
1902868
1723268
1104106
1623587
1018324
1252680
1208537
1594932
1200208
1122094
1976775
1080148
1651508
1737221
1218577
1772506
1912640
1624341
1993111
1039975
1098468
1105198
1508343
1220431
1311271
1994471
1625308
1845485
1315678
1520520
1977190
1936350
1881123
1726880
1230717
1585231
1735947
1270950
1919072
1785185
1703046
1628339
1589918
1552966
1817085
1353476
1442575
1722941
1126602
1903316
1693413
1237385
1664972
1770227
1815339
1588538
1020101
1024404
1701755
1641392
1946172
1578461
1531001
1908178
1661017
1480454
1808388
1219270
1265887
1872773
1477434
1937815
1164791
1554541
1480411
1265017
1314842
1953920
1444989
1054839
1935388
1625184
1397625
1972835
1695769
1347497
1422222
1909331
1089077
1957246
1328859
1683604
1669184
1493107
1334895
1674638
1238218
1859695
1787142
1011746
1109077
1787859
1982601
1547572
1687361
1552114
1164060
1625996
1883440
1350448
1568479
1223459
1542551
1529080
1310865
1527254
1782072
1471765
1123625
1156863
1311952
1790424
1037948
1630358
1523498
1908247
1274176
1806443
1919114
1955784
1713725
1584961
1760744
1278358
1196785
1855139
1219152
1061076
1597835
1124163
1023389
1916008
1135997
1134866
1431344
1242207
1424996
1134109
1972115
1783257
1729012
1233222
1599595
1266516
1079510
1821810
1841764
1663384
1019153
1071750
1455831
1241569
1800348
1170433
1745647
1834059
1061624
1300409
1318982
1963415
1136961
1521121
1415963
1631898
1753147
1897861
1768446
1233406
1279541
1684824
1562028
1538298
1838319
1315129
1236499
1764743
1145904
1788669
1873090
1740787
1593280
1986717
1685025
1549740
1049937
1109262
1432194
1184311
1655487
1669137
1347528
1262366
1194030
1486097
1231607
1393998
1440724
1088683
1480820
1467557
1567393
1753185
1448991
1194740
1258709
1076754
1818790
1796149
1896288
1942231
1229305
1769601
1593754
1561378
1692883
1525621
1377339
1953551
1614096
1371123
1090187
1601083
1359180
1186088
1707495
1190923
1051263
1563221
1520072
1170916
1892378
1400529
1081698
1620499
1416218
1426089
1114549
1019527
1490808
1073073
1021999
1847727
1587440
1303629
1729039
1215278
1952005
1280778
1941063
1205968
1106939
1761918
1795645
1771974
1557924
1338944
1682159
1468958
1487360
1729109
1821994
1013076
1053333
1406587
1715503
1233775
1314732
1125191
1130703
1837131
1932775
1841202
1439866
1615991
1187263
1714476
1430841
1377876
1250110
1706695
1328031
1644279
1272546
1626330
1423155
1492127
1734337
1681721
1103202
1469809
1750349
1995151
1180880
1551286
1493980
1022287
1782343
1718631
1503753
1503142
1918436
1532454
1389852
1760732
1197449
1056882
1999935
1078844
1165087
1384882
1917678
1931830
1138812
1583950
1016346
1584770
1516278
1529822
1612376
1935968
1100399
1855965
1930029
1166573
1161338
1391915
1460238
1327067
1018178
1459054
1089109
1144010
1820700
1760594
1000943
1170897
1059492
1262170
1298922
1067269
1471641
1218968
1665369
1766708
1121485
1218404
1130516
1929062
1729146
1793757
1797727
1238952
1896180
1476610
1566760
1942215
1297626
1611129
1757150
1314278
1065161
1042285
1959916
1189819
1448050
1847220
1257618
1580306
1514453
1447745
1958110
1629068
1101358
1856950
1934592
1111963
1167503
1697119
1783720
1582618
1756682
1230067
1487268
1253288
1001044
1057559
1022506
1536749
1555329
1073662
1450087
1387137
1508547
1722459
1309922
1365097
1515502
1673597
1932813
1244201
1461863
1489027
1739002
1403577
1848502
1106449
1019287
1901398
1961194
1928628
1857436
1739294
1362984
1532753
1708581
1889449
1798112
1237054
1370331
1929270
1857279
1639491
1991095
1397745
1330225
1318127
1038365
1023815
1945178
1744135
1268171
1633021
1109197
1354331
1629002
1145032
1508165
1575205
1152660
1630497
1428408
1760648
1018012
1333947
1213560
1071096
1054266
1312408
1154306
1206746
1415152
1983435
1927698
1190585
1197147
1613915
1825119
1017457
1280845
1744670
1136079
1425835
1465972
1766802
1956704
1429101
1903211
1832554
1749915
1131790
1562636
1870834
1966903
1195716
1045972
1542530
1736038
1807737
1067287
1278040
1058313
1690659
1175400
1625889
1883177
1509424
1554769
1860128
1308825
1613386
1667482
1487033
1837263
1687348
1406741
1484761
1147239
1559241
1366353
1036933
1331482
1492468
1806611
1689227
1921563
1339365
1087436
1931322
1464563
1755231
1207714
1526070
1254732
1277447
1159633
1850997
1392092
1466956
1187645
1507264
1051878
1572572
1406174
1525214
1269356
1665913
1214347
1637932
1986219
1996457
1458040
1222679
1138597
1544700
1721917
1266078
1822380
1391213
1795652
1089706
1488648
1426915
1016786
1795970
1995994
1264822
1130177
1729122
1353298
1323036
1970155
1774897
1061726
1310096
1382059
1118396
1488515
1407287
1593000
1874659
1983156
1616870
1978592
1891508
1133539
1059430
1923215
1131465
1218736
1341870
1094977
1034881
1649302
1065374
1523962
1680181
1832294
1571594
1226156
1546396
1937574
1900809
1045534
1100558
1976648
1591116
1580314
1910992
1172563
1152817
1203960
1989084
1765444
1707343
1096462
1943585
1202594
1072104
1568143
1432809
1758324
1072801
1806893
1275160
1511534
1909498
1035838
1441468
1588668
1364484
1018866
1623729
1040213
1703272
1632129
1882716
1722669
1227234
1347917
1583209
1273173
1233594
1441386
1941947
1443790
1268118
1621879
1307096
1428613
1136497
1961789
1897780
1392342
1529577
1163771
1811095
1533150
1493391
1350999
1063586
1614705
1017408
1590950
1631144
1342061
1548147
1173196
1267608
1906608
1221719
1486022
1264388
1870632
1511375
1467781
1205226
1663159
1881883
1882483
1601385
1678755
1830707
1744910
1997268
1844308
1063846
1046785
1492470
1995663
1673240
1691643
1053930
1926774
1452448
1792353
1671659
1121025
1091730
1944284
1353301
1070938
1879207
1890656
1327080
1815036
1655189
1225708
1654220
1572963
1998341
1583624
1029356
1462629
1664031
1159049
1191083
1425564
1803303
1410836
1335528
1465948
1807677
1504076
1633808
1850633
1203997
1419052
1337329
1757112
1747565
1761742
1620103
1507014
1447951
1996408
1593518
1473454
1787917
1914005
1421018
1274873
1373502
1788878
1683049
1026875
1592522
1279255
1388448
1095019
1011061
1544995
1075281
1875729
1643186
1413914
1289968
1819575
1851896
1527209
1629279
1346701
1889185
1307572
1005616
1881388
1462050
1065816
1219311
1889905
1743042
1306613
1909592
1234862
1912346
1457929
1947521
1298221
1333044
1331553
1694722
1368800
1690313
1353618
1787156
1000430
1563794
1258562
1848516
1201474
1112636
1923843
1498577
1496551
1595556
1306638
1991762
1725121
1582117
1030538
1219786
1591774
1747767
1999715
1137799
1562921
1808080
1949415
1019565
1274764
1822403
1416525
1306568
1992443
1694072
1223123
1777268
1283394
1767835
1384247
1007099
1261733
1695097
1403755
1922562
1645397
1042567
1868982
1694350
1031476
1973892
1322387
1684252
1742499
1889813
1739796
1509864
1798541
1039062
1032242
1977704
1947755
1499018
1137331
1281457
1152971
1231834
1221813
1501296
1231468
1886039
1849924
1064910
1532741
1630702
1251183
1329890
1532057
1518366
1606597
1803511
1413236
1468739
1496565
1606310
1725022
1928080
1565878
1306431
1730346
1772116
1812477
1098709
1113428
1130022
1102941
1037972
1023695
1424506
1549868
1877856
1225829
1205586
1022141
1411878
1829683
1765882
1576936
1200762
1179774
1732988
1862826
1627049
1534509
1561145
1986123
1172978
1741133
1430286
1404197
1240476
1994459
1332259
1552915
1154166
1491723
1571964
1739821
1775437
1022920
1911943
1328326
1639954
1795550
1823636
1211590
1474395
1216660
1566533
1590010
1072337
1111712
1153525
1343489
1356312
1681467
1680334
1096603
1302081
1795916
1291687
1684713
1293914
1774941
1142667
1527582
1411610
1195847
1007001
1943453
1270943
1901274
1511435
1728276
1523081
1604264
1740791
1137195
1980268
1802626
1966574
1431435
1648618
1542063
1377722
1573074
1343759
1181252
1730047
1183979
1696672
1751364
1347332
1133883
1760912
1640592
1984473
1134039
1907320
1723524
1638964
1618206
1029301
1419406
1766452
1948576
1548235
1560126
1426585
1821048
1916057
1709133
1350493
1199761
1534119
1832627
1283592
1144278
1425736
1589817
1344734
1941889
1775343
1739223
1257816
1932719
1259119
1186779
1522348
1561849
1048474
1051687
1571986
1347375
1911185
1153714
1481733
1079411
1418922
1203212
1689993
1879687
1194802
1337427
1130699
1084994
1334452
1385647
1441093
1188180
1682449
1832597
1117714
1588788
1831090
1561640
1311928
1467838
1448903
1650272
1011940
1617074
1820717
1252320
1078791
1344423
1195972
1851031
1380415
1515858
1288608
1497174
1222354
1051603
1991041
1741278
1690277
1066924
1667479
1671671
1975642
1305869
1740568
1217381
1008057
1746862
1801065
1779325
1772713
1894490
1380143
1442338
1996143
1084644
1169378
1259231
1820420
1595808
1801092
1833114
1604575
1270003
1929608
1468623
1178039
1774860
1545089
1780285
1089727
1767789
1479158
1706419
1310827
1234460
1224043
1513806
1412125
1879929
1820676
1044526
1858996
1547963
1227514
1658720
1291724
1087294
1371115
1132216
1523848
1494046
1138400
1981910
1205521
1500474
1247068
1751711
1704334
1437938
1452759
1219615
1552709
1500071
1187736
1467508
1694619
1829767
1401825
1396786
1109538
1452688
1478398
1026988
1944191
1518464
1831514
1866748
1425550
1187603
1510277
1439952
1235901
1725139
1189408
1156826
1705561
1455653
1333203
1285989
1914064
1194434
1765183
1696414
1920808
1104520
1997608
1128027
1965682
1957222
1147403
1964158
1817268
1153894
1693229
1634772
1350980
1227075
1031853
1864672
1716310
1282178
1885849
1877384
1709921
1149240
1247002
1458174
1932147
1319132
1178220
1271933
1919626
1872706
1312992
1641645
1998813
1361409
1189347
1946590
1079885
1761379
1544349
1961219
1047147
1021223
1924832
1698340
1423452
1463450
1287880
1113715
1884649
1689454
1582338
1103589
1016071
1011845
1470640
1422781
1161264
1871105
1180540
1518959
1200369
1620777
1487456
1479282
1655367
1171966
1211659
1895161
1768358
1320118
1199373
1003559
1785395
1874884
1538731
1461078
1581735
1130224
1581915
1833350
1633580
1959074
1990214
1329914
1833201
1803718
1267750
1721924
1379316
1799142
1497422
1150015
1230645
1575428
1965958
1749632
1018857
1924347
1945372
1259974
1673126
1305061
1002785
1506115
1646808
1313569
1385935
1949927
1423410
1101008
1874356
1409562
1177951
1821089
1372344
1032585
1903353
1896936
1000838
1362543
1266423
1694845
1394066
1432941
1143319
1430428
1496918
1210426
1390937
1697606
1667431
1970794
1498691
1632141
1559187
1467515
1043889
1981475
1996844
1134538
1818087
1937324
1038860
1426048
1273416
1009553
1570466
1181090
1294762
1932617
1918455
1833711
1636105
1842693
1020989
1664686
1962686
1299076
1826657
1772007
1686644
1123466
1000867
1398792
1998120
1672072
1481345
1595866
1645593
1265398
1376556
1519050
1749495
1496573
1737117
1753283
1258453
1602976
1189385
1482245
1141086
1341277
1893539
1535593
1488775
1540422
1647810
1388522
1190596
1781434
1613165
1187598
1754206
1026791
1569698
1915618
1230496
1414785
1444446
1578068
1897767
1687218
1711502
1554261
1677292
1156121
1242724
1565691
1002597
1802495
1009613
1742694
1113590
1160882
1689576
1619787
1755511
1363990
1580564
1395455
1054282
1280238
1451412
1866392
1704651
1540612
1791295
1323267
1288851
1889003
1123516
1155559
1801049
1653306
1309696
1512512
1097445
1406409
1941933
1376355
1495693
1795748
1767351
1612424
1003957
1320209
1984986
1602866
1584862
1237570
1823427
1631181
1784787
1192706
1304724
1932661
1365423
1134475
1711198
1386545
1784988
1825511
1434267
1185629
1888051
1786184
1857424
1899754
1151630
1349892
1406411
1896142
1931442
1213913
1618230
1681176
1421830
1025225
1712706
1131661
1783718
1178324
1153641
1803614
1706218
1420535
1954837
1303050
1397992
1991223
1278292
1786210
1482767
1997981
1940211
1685080
1831287
1153765
1447680
1052023
1697771
1604519
1722462
1256306
1706866
1148017
1863591
1401726
1403244
1689230
1414294
1332444
1895088
1154314
1360027
1407933
1239081
1718438
1125499
1550751
1159757
1434562
1942084
1674601
1168941
1166252
1482588
1081273
1292422
1267295
1273810
1365832
1019959
1639884
1156022
1521097
1329236
1875142
1927460
1747394
1031286
1031954
1376542
1657439
1838900
1996385
1482498
1999563
1446750
1269853
1070002
1601415
1915380
1794019
1806116
1374877
1826888
1500456
1772366
1491662
1724093
1176134
1411207
1512373
1573941
1056135
1873855
1339748
1594851
1142890
1036412
1798186
1271382
1295975
1445294
1981751
1455419
1364267
1312858
1539856
1614425
1385731
1808755
1473621
1930215
1204382
1471050
1310033
1884578
1862568
1579845
1356982
1880889
1075652
1299159
1544811
1279415
1708117
1446814
1880592
1647321
1868225
1731602
1596740
1879539
1387210
1390258
1411521
1606796
1182163
1188082
1183437
1593619
1768885
1209307
1593242
1097590
1765879
1453760
1429859
1487981
1967607
1669323
1067291
1670695
1272041
1183658
1992817
1667769
1732728
1556635
1969185
1395843
1005300
1196282
1630639
1068107
1494060
1264013
1448389
1930509
1092906
1530742
1566339
1142516
1416393
1945668
1681268
1603019
1618885
1126086
1030695
1158133
1498001
1184666
1774902
1216477
1354920
1906640
1706361
1510647
1399439
1238039
1499623
1500229
1322785
1774115
1229722
1228400
1973694
1971113
1543218
1654372
1750984
1105703
1441402
1365105
1930535
1550749
1000246
1471599
1950093
1493627
1873340
1367805
1668574
1656307
1053415
1954286
1621928
1574773
1222241
1058286
1935496
1501792
1160808
1358667
1327717
1720250
1407019
1910347
1603893
1968633
1695105
1108464
1068597
1248308
1083237
1599217
1304074
1411941
1868632
1492632
1006997
1777059
1250712
1614202
1921338
1683027
1323891
1743001
1478192
1293272
1853679
1911278
1007462
1520386
1323562
1503972
1740584
1393689
1487798
1631673
1291182
1208776
1920727
1592345
1033821
1719166
1650440
1877104
1751106
1716762
1428844
1251233
1320406
1591654
1972042
1807497
1241534
1563006
1284519
1621727
1771980
1093795
1658417
1137382
1274517
1975054
1031715
1759551
1850212
1506645
1673925
1115687
1563853
1495912
1200901
1851319
1968802
1349873
1833994
1845598
1028076
1786315
1002053
1375378
1271075
1429454
1025966
1575870
1630784
1600106
1233118
1791679
1373083
1321565
1140229
1841295
1803163
1381222
1689460
1940726
1412948
1229048
1992276
1636568
1541119
1865443
1181836
1452938
1400703
1719772
1519271
1863948
1082676
1752487
1893485
1873287
1704578
1609459
1100708
1570930
1416695
1039682
1704391
1405491
1180337
1394896
1761774
1571254
1917394
1170365
1265966
1730958
1511230
1723640
1331625
1018233
1735184
1650293
1420630
1974017
1320329
1627922
1203298
1686571
1495278
1737618
1559295
1691989
1883973
1472362
1775470
1611996
1765475
1006338
1946960
1757022
1223306
1491802
1277290
1401661
1487397
1421467
1695863
1034289
1556738
1970507
1123674
1070967
1824332
1982457
1392367
1905489
1441165
1625592
1506327
1239464
1592877
1018220
1784457
1092680
1775923
1859432
1556713
1951143
1553294
1833869
1758788
1012410
1316182
1531809
1076931
1629554
1194193
1775072
1187860
1895301
1937426
1212089
1916621
1794477
1760171
1735394
1203100
1813857
1224077
1545225
1182839
1397143
1137678
1961772
1625026
1806660
1004694
1414070
1597883
1013986
1491124
1400807
1196163
1213974
1179137
1376300
1259913
1131838
1530044
1543668
1375346
1594438
1679517
1838948
1798359
1307589
1889531
1235821
1702503
1454806
1631974
1700609
1296444
1919778
1227477
1344060
1616590
1417760
1425275
1490233
1356106
1446798
1070597
1621513
1747170
1121628
1522684
1885615
1821644
1808290
1181933
1359591
1223099
1229957
1763803
1535216
1544074
1904576
1448976
1444180
1297072
1294266
1998582
1103467
1509119
1558433
1851082
1518450
1637295
1913717
1459318
1366465
1727436
1385356
1922940
1126039
1097117
1857839
1114102
1017728
1247509
1359833
1683954
1236963
1374391
1684767
1772918
1055888
1152933
1096067
1879543
1241924
1082687
1880971
1748956
1897848
1248889
1521457
1259068
1351322
1724533
1003644
1591800
1602987
1385239
1379473
1344890
1506194
1707321
1698153
1299368
1456356
1132096
1248063
1381465
1281537
1128895
1921006
1683065
1724267
1400745
1270120
1416945
1463477
1315170
1352069
1140608
1144921
1101534
1864159
1618729
1914183
1560455
1508746
1932451
1915189
1865592
1160218
1950711
1369727
1102860
1057735
1422045
1021560
1624899
1541864
1730335
1152405
1475611
1082496
1610707
1460061
1569040
1862553
1125631
1115290
1231280
1695776
1589996
1601728
1588857
1751533
1620548
1283116
1929623
1454335
1509400
1440182
1119288
1766922
1489148
1334935
1223351
1591933
1287557
1932297
1111926
1257575
1261901
1489193
1042111
1613149
1666786
1592070
1706372
1505611
1288383
1348115
1187846
1908077
1381566
1146258
1108379
1059781
1514305
1396284
1362459
1099417
1066698
1951728
1480510
1716215
1372358
1426093
1244735
1202120
1791814
1653564
1385342
1074683
1767748
1359576
1828021
1919213
1777004
1358150
1645191
1626433
1768871
1078601
1791888
1385895
1028254
1513608
1170811
1272967
1506226
1966730
1110455
1284092
1173337
1726693
1395805
1846192
1945894
1776009
1501641
1032722
1047211
1151785
1609676
1974024
1044841
1981458
1056580
1138665
1101375
1923041
1674466
1556824
1494988
1171834
1138718
1455204
1569125
1184657
1433798
1245787
1363335
1325765
1840208
1592578
1766837
1224259
1749305
1600982
1720779
1632075
1691833
1739334
1356803
1629436
1032377
1354893
1279289
1145678
1288524
1022170
1389504
1180566
1247126
1222712
1088889
1570570
1404987
1901242
1435890
1378829
1851206
1218447
1473989
1476157
1433932
1027865
1609564
1428396
1332005
1333019
1968313
1552437
1059977
1329541
1423189
1504003
1885555
1279371
1508520
1599083
1214807
1884391
1333646
1259417
1433346
1811688
1654714
1541843
1627620
1577102
1675045
1346379
1685166
1664249
1008307
1870072
1380046
1067081
1401655
1207751
1297957
1812514
1813160
1309049
1724242
1975595
1089324
1669486
1233104
1421806
1581797
1742990
1328936
1670670
1532390
1248588
1158880
1277496
1201500
1872823
1331502
1473031
1265416
1481673
1483271
1774586
1866521
1979730
1831506
1244852
1940091
1741672
1897032
1738256
1515318
1001713
1906229
1651120
1284757
1182805
1674951
1760120
1450856
1384991
1597108
1071018
1053699
1992861
1432953
1520571
1977231
1706021
1041791
1836380
1755240
1004806
1593533
1468202
1878849
1823370
1498505
1498115
1307467
1616802
1402932
1852789
1968544
1731432
1494217
1867946
1594413
1226795
1034502
1913941
1424565
1871776
1437158
1904833
1065325
1223404
1535438
1872602
1821127
1903813
1047034
1694931
1762310
1528500
1897315
1772646
1832266
1645096
1800788
1389201
1662189
1238501
1927082
1941331
1707213
1094254
1250572
1892253
1842600
1734523
1527899
1979317
1247665
1322821
1996236
1730524
1055110
1141831
1915250
1244778
1680424
1564287
1893586
1683286
1678418
1185419
1378445
1690740
1967923
1557503
1967891
1250743
1003114
1503989
1603817
1301016
1234896
1414511
1579364
1971483
1864473
1015665
1570595
1152252
1064538
1166756
1444101
1628267
1197104
1656955
1508055
1008576
1892851
1005039
1412534
1854343
1106045
1207952
1650752
1404109
1885438
1784625
1282361
1917477
1544207
1873081
1579607
1029338
1854810
1737124
1255379
1602602
1798832
1560294
1457418
1276696
1063232
1523394
1469878
1589767
1566923
1431411
1675557
1205789
1238372
1902757
1445864
1233473
1041371
1264404
1034164
1031027
1054400
1230628
1923175
1044794
1878378
1824664
1491403
1996584
1891950
1901876
1358965
1779434
1808140
1489155
1445037
1610171
1103682
1728075
1822469
1007550
1727068
1501135
1329745
1624104
1259578
1933870
1950735
1460520
1921476
1272901
1735439
1974201
1516540
1179450
1746454
1609404
1987298
1950242
1716181
1341452
1758348
1305468
1328446
1735933
1220217
1470932
1714006
1015369
1501538
1667863
1298117
1327809
1084416
1487830
1206869
1694441
1759210
1513615
1724238
1968172
1330495
1502601
1443222
1667408
1155495
1273213
1496611
1378410
1317155
1944892
1824422
1830283
1815130
1932842
1982217
1229876
1447236
1275154
1132018
1345384
1129104
1860047
1206339
1907289
1388597
1572270
1582507
1381842
1658037
1763429
1024365
1773857
1058618
1990677
1422998
1398122
1284338
1260292
1641001
1518153
1979233
1866564
1553436
1720575
1635518
1839613
1006428
1865412
1806168
1834657
1270302
1714590
1517158
1830899
1562353
1896621
1726566
1224317
1106964
1731730
1346366
1189826
1872111
1660897
1184128
1291232
1523032
1125548
1433474
1457123
1533385
1034973
1774420
1863552
1651531
1446666
1095817
1747357
1194100
1330468
1879140
1550122
1964511
1805395
1458702
1950518
1338110
1056247
1020411
1318036
1656008
1693750
1429288
1176608
1556464
1314246
1582946
1931456
1866025
1493472
1093156
1171312
1060529
1646910
1702639
1859792
1082025
1805430
1078060
1619198
1755673
1145195
1291447
1377957
1250932
1012507
1679309
1685115
1523357
1819620
1551782
1179379
1327634
1268880
1105121
1277232
1301417
1457244
1748606
1414448
1516921
1063349
1743652
1647735
1550815
1226702
1808883
1783400
1540716
1044870
1179622
1094427
1199550
1590825
1887149
1328381
1469281
1156728
1572413
1840016
1637383
1451855
1128997
1595247
1718932
1310187
1958806
1255920
1760162
1837968
1578651
1274237
1863422
1730229
1421096
1567882
1652827
1779380
1335125
1101569
1260390
1229533
1856162
1723679
1817096
1945111
1531418
1852462
1356619
1044124
1865287
1007459
1067019
1892944
1324438
1720946
1908882
1641471
1166861
1990698
1841623
1332271
1269685
1039814
1147782
1818406
1282513
1472734
1862177
1424137
1731039
1255184
1644400
1519599
1576167
1101390
1133854
1829893
1975011
1078584
1669340
1080671
1523044
1488693
1675905
1597809
1629455
1046215
1522969
1729991
1068649
1021980
1895264
1886788
1660846
1948650
1428951
1832821
1873276
1653822
1356201
1510558
1183386
1177371
1885018
1810206
1709508
1675912
1400289
1379838
1916411
1864636
1469676
1555283
1159696
1066847
1029286
1465862
1887852
1715545
1731991
1671286
1287246
1249730
1893984
1380177
1548672
1692306
1903781
1550910
1659036
1252832
1232946
1745618
1957964
1360911
1595146
1101818
1571104
1949347
1477065
1070215
1475848
1710533
1986290
1719013
1829153
1356994
1431885
1687599
1986789
1598650
1140777
1931383
1004237
1269884
1463184
1530799
1294886
1985269
1468561
1928645
1956630
1289123
1922803
1539010
1181026
1503534
1288047
1286037
1107328
1259692
1842540
1545274
1339108
1553898
1838138
1354646
1732177
1433888
1335167
1750968
1332426
1150180
1694470
1645346
1893471
1255551
1890261
1321742
1415958
1143332
1024462
1859021
1828616
1978918
1877899
1087546
1029978
1753370
1977560
1094222
1909081
1228068
1345069
1844780
1097049
1589308
1995966
1371755
1338096
1934646
1407742
1207641
1231746
1601553
1108170
1010157
1598847
1148571
1407276
1143326
1558123
1169721
1364089
1183746
1651091
1508017
1871832
1149158
1948454
1367771
1771864
1806315
1002942
1920271
1087974
1799503
1159618
1486408
1970342
1027413
1600891
1399817
1519602
1837603
1993602
1135325
1074971
1466472
1883466
1883674
1147313
1579834
1706751
1526257
1668043
1427324
1429174
1768702
1586229
1243666
1096543
1718268
1450977
1491006
1139280
1196084
1724754
1178271
1949457
1010418
1744641
1768230
1722471
1155876
1460754
1822092
1116036
1374158
1667457
1506365
1549715
1820687
1062191
1539689
1139559
1965018
1644489
1100014
1681229
1162658
1719404
1110522
1660970
1735738
1062169
1655708
1269696
1963293
1177529
1721446
1741162
1578554
1067654
1942805
1205811
1527775
1594657
1088697
1401254
1185262
1769440
1864235
1548159
1127017
1978026
1431174
1722290
1690983
1716461
1692459
1974979
1533198
1628722
1936797
1471501
1967299
1347307
1396640
1410450
1559322
1840387
1018815
1840651
1832956
1669962
1870192
1910431
1902124
1794527
1406948
1652814
1714325
1737647
1736505
1617404
1675196
1404831
1572640
1606692
1149190
1833585
1690250
1159779
1372650
1737723
1868797
1477014
1352986
1026826
1251903
1278545
1231982
1605818
1254758
1823316
1374913
1037156
1032061
1183225
1050195
1176378
1289634
1038290
1612925
1206089
1527069
1840980
1715702
1842353
1323778
1797005
1903617
1027354
1025887
1775495
1008375
1612175
1830648
1757177
1612158
1558485
1075676
1804949
1558108
1818368
1793575
1539222
1170182
1951667
1326954
1291404
1954563
1228387
1609226
1430298
1140589
1374864
1121755
1594608
1760235
1013406
1554537
1380318
1564573
1564918
1516087
1609550
1450473
1034466
1165813
1120331
1698421
1618363
1224823
1514887
1573539
1899377
1294400
1925147
1091773
1485280
1046489
1194829
1211766
1287594
1054158
1300698
1199042
1860253
1058723
1283506
1933239
1798529
1738852
1679932
1772635
1285545
1303098
1869041
1119729
1155305
1904605
1159298
1314801
1732083
1424654
1622776
1747486
1931425
1503528
1349322
1768972
1687602
1773444
1646077
1359094
1118236
1810716
1408472
1246211
1020885
1400385
1697554
1692349
1161434
1995982
1374583
1273520
1927288
1583693
1585627
1985817
1247144
1319509
1504582
1287648
1784396
1686267
1470517
1135445
1595714
1954239
1612231
1079664
1069828
1783489
1278167
1601408
1887607
1771560
1954117
1524161
1743700
1587529
1302824
1640323
1379939
1000880
1899810
1016888
1013732
1295033
1281431
1919305
1771215
1476281
1233661
1855396
1474744
1673095
1404393
1959232
1520495
1403290
1094838
1981361
1888544
1875896
1280437
1285251
1651732
1308414
1510006
1370228
1680119
1097909
1482893
1682492
1003760
1324383
1054163
1978116
1253528
1757638
1602684
1131329
1570881
1436557
1420310
1749845
1272310
1652442
1148520
1820995
1148504
1114287
1927650
1226639
1500849
1543653
1208217
1768023
1212681
1558550
1227654
1520188
1206783
1715989
1774306
1581048
1525483
1616117
1542756
1467316
1883638
1347156
1297891
1206852
1306529
1057114
1325706
1748692
1284779
1612053
1650595
1216861
1019203
1272796
1304793
1405006
1684228
1681383
1244547
1939737
1107095
1831443
1794893
1486875
1453036
1757832
1230207
1571185
1632506
1095872
1794081
1799497
1126792
1984370
1337672
1504719
1133226
1105011
1090975
1426571
1734744
1606369
1569936
1341895
1212709
1984395
1135620
1399168
1412497
1698774
1181019
1979122
1251792
1075080
1078112
1072617
1925508
1015692
1655853
1372008
1944608
1507124
1064407
1439670
1697352
1800556
1628607
1875569
1886525
1720532
1774290
1226900
1874960
1224969
1043985
1104562
1796201
1849804
1361422
1593803
1295096
1489922
1850073
1725097
1935984
1530622
1044766
1713450
1568992
1038822
1169241
1217698
1216962
1123728
1780706
1916249
1620631
1768156
1655356
1265484
1299707
1827289
1813077
1214613
1905223
1927031
1765481
1895853
1864492
1834536
1823302
1394552
1255276
1932254
1545571
1737519
1181756
1035867
1816457
1399379
1636362
1365112
1585279
1049351
1650584
1730572
1159782
1793338
1623454
1545429
1042296
1393899
1784529
1510380
1233939
1505742
1802312
1756071
1242984
1038140
1215222
1936312
1579746
1515568
1503411
1786203
1769680
1422838
1167741
1208553
1483220
1671946
1133025
1170687
1251300
1592511
1932693
1640315
1439077
1095405
1948534
1069915
1383275
1316883
1902526
1061856
1632044
1523920
1191667
1733847
1683740
1692281
1791311
1525156
1178751
1124144
1884956
1182266
1778531
1446346
1026516
1889069
1737403
1755257
1271918
1904948
1979285
1085261
1122199
1108044
1585747
1869461
1591170
1536599
1865168
1995845
1064064
1234101
1828086
1190036
1444375
1601502
1582051
1015877
1405301
1621542
1482168
1803938
1157309
1489298
1737030
1343597
1931764
1848787
1363018
1167326
1994902
1047091
1591678
1907699
1924537
1055216
1990409
1676405
1455296
1128532
1915868
1360243
1040274
1590329
1080342
1338152
1715885
1254655
1272068
1806527
1063748
1354168
1946922
1109247
1142965
1525227
1858742
1665489
1911414
1117882
1418766
1091361
1273441
1649905
1880276
1617388
1940329
1392030
1470926
1501122
1327577
1958456
1592417
1748472
1452718
1895136
1684323
1634166
1709087
1272974
1602910
1414771
1825522
1502745
1364619
1799784
1489911
1660420
1839105
1867868
1727805
1221867
1818939
1923181
1234288
1201593
1580809
1658387
1841229
1818147
1256182
1491049
1736232
1695826
1821760
1822338
1117259
1829210
1670629
1997237
1122435
1089271
1313082
1823246
1586270
1620096
1681110
1406381
1821267
1881140
1187182
1047076
1244364
1328483
1616604
1443159
1835021
1741943
1283129
1542168
1870402
1087898
1009060
1478429
1610034
1804568
1405049
1350387
1671342
1171280
1118105
1038351
1088331
1048657
1592257
1493181
1677435
1466240
1767108
1994314
1155165
1726719
1007433
1517175
1091894
1420215
1464662
1981183
1383459
1845550
1254147
1962510
1548045
1529700
1080715
1700102
1393297
1199447
1648604
1706879
1748387
1372859
1956812
1540251
1980682
1969790
1919520
1122587
1856118
1170610
1844836
1972883
1029829
1684959
1956400
1017844
1845067
1845811
1222309
1631037
1338062
1809309
1976986
1709316
1997004
1729317
1234230
1909234
1920109
1362717
1331875
1252293
1238765
1626314
1963078
1395925
1881811
1996396
1652397
1133521
1077684
1947485
1922547
1193947
1798408
1081591
1215867
1938408
1231267
1457687
1650601
1014896
1025562
1168577
1233045
1749201
1336266
1256953
1807057
1409242
1428769
1903856
1744111
1996752
1116225
1575356
1920317
1708575
1812817
1358529
1724036
1502318
1889465
1647585
1343630
1916650
1825614
1914969
1165939
1298380
1821658
1302315
1393775
1618702
1249641
1704053
1045251
1543602
1777830
1746167
1506772
1057619
1079639
1493509
1202118
1581225
1843922
1809849
1696726
1299977
1318055
1674752
1068942
1940617
1749238
1642716
1248486
1101698
1582027
1615653
1306046
1441797
1058954
1477581
1934527
1296197
1168937
1091317
1028899
1817202
1641388
1880872
1976028
1434908
1692755
1901165
1035655
1272913
1295270
1054345
1588641
1580929
1372820
1512929
1612002
1399032
1158758
1374597
1531314
1080356
1705615
1812697
1816293
1629493
1390543
1787503
1160987
1525924
1610162
1570625
1612718
1152565
1101023
1879603
1187984
1514089
1978382
1457878
1494466
1152800
1915782
1637096
1897872
1852669
1232239
1586397
1695584
1789480
1123359
1414974
1323024
1363764
1449331
1157253
1585163
1182913
1574086
1794660
1951105
1278650
1172794
1134903
1387551
1662277
1198657
1634822
1255889
1201096
1525167
1552468
1895399
1940790
1765934
1753523
1773064
1182489
1782596
1064361
1516707
1622035
1861197
1869345
1047726
1387276
1057149
1418779
1881392
1770650
1399063
1961330
1442841
1664174
1450998
1656180
1238197
1801662
1690837
1092320
1391000
1074210
1401087
1008125
1798022
1942839
1802585
1253955
1513241
1696842
1840901
1468456
1793469
1429612
1135124
1696034
1261627
1574458
1173427
1873767
1505933
1977461
1317469
1354269
1685897
1839752
1722275
1677288
1186526
1459745
1009408
1542800
1599699
1566596
1742712
1413164
1246515
1372249
1947669
1636914
1615012
1922810
1104165
1843434
1260639
1749760
1866140
1561593
1549342
1846061
1428035
1214261
1518291
1653207
1524978
1082550
1300180
1224991
1041965
1000353
1100136
1095276
1391267
1679033
1359375
1806170
1780064
1325695
1159563
1564252
1151455
1596051
1377533
1946286
1950585
1029065
1493511
1930812
1063140
1351593
1441192
1545130
1681524
1498067
1147581
1915978
1334870
1999532
1637020
1254337
1727387
1068839
1675104
1265106
1986275
1752030
1922711
1251122
1935687
1881418
1473057
1211740
1780894
1279396
1386528
1158473
1132268
1161212
1183735
1132456
1440207
1275903
1229852
1042749
1810503
1420107
1258402
1802165
1582590
1235509
1718191
1091481
1229055
1180719
1354780
1450297
1457373
1313621
1345045
1835220
1674097
1554595
1741842
1765616
1419689
1039096
1640058
1142164
1007724
1071322
1940921
1313174
1593429
1347972
1978366
1745277
1728464
1019450
1020156
1716037
1593437
1467076
1244754
1094617
1536580
1344613
1035118
1659453
1651185
1713245
1708051
1147526
1960701
1113117
1679253
1194172
1531610
1093008
1936048
1475195
1724305
1689871
1084213
1436414
1277056
1447601
1584478
1711988
1652798
1105656
1353049
1947306
1768770
1346228
1871293
1861580
1527801
1390182
1575286
1550098
1177680
1998254
1715753
1629352
1990569
1136833
1332481
1794291
1299874
1525174
1229072
1707089
1163334
1722166
1913140
1418731
1325653
1318891
1626687
1495159
1760297
1024822
1038013
1130642
1896227
1646160
1137421
1318429
1422147
1447642
1450939
1142832
1591824
1824167
1817990
1979463
1941168
1923805
1803448
1829551
1977522
1553158
1149535
1650858
1003982
1929849
1444795
1987685
1807591
1565108
1335023
1095228
1460663
1582088
1380667
1853134
1526733
1144744
1313079
1905821
1489868
1560980
1107614
1837281
1127923
1961564
1853640
1882948
1902960
1122702
1463611
1318520
1030220
1136698
1089599
1701166
1056419
1444528
1303602
1604946
1428359
1046084
1624744
1204203
1138821
1428255
1503716
1518817
1929480
1359411
1556527
1103401
1919876
1143344
1622667
1743902
1883255
1082038
1236682
1346153
1574490
1854803
1135161
1113620
1108184
1621602
1494881
1661783
1351413
1961496
1762181
1003632
1714434
1807576
1446152
1884190
1564129
1345406
1472396
1648870
1807961
1522481
1609179
1670616
1002455
1677936
1216323
1329318
1802468
1659690
1387861
1318242
1693467
1895367
1423445
1891856
1959392
1711992
1473094
1474133
1977546
1055926
1184517
1444363
1254523
1306745
1106341
1734406
1633218
1191362
1831075
1883060
1067276
1799639
1752532
1840913
1312807
1089336
1419648
1733435
1157712
1494408
1722420
1896833
1483432
1156035
1182126
1424947
1229559
1712296
1705270
1462262
1604189
1960245
1246707
1863497
1832163
1265024
1520887
1178602
1457232
1076468
1268801
1262340
1389256
1833663
1897824
1753449
1875993
1424962
1701902
1929176
1637059
1161519
1886513
1378148
1380022
1814433
1974386
1103608
1292528
1882753
1388053
1040754
1325077
1050287
1162055
1388352
1637134
1703186
1199074
1901089
1892798
1450414
1368234
1997548
1256835
1941514
1727967
1722793
1227443
1752380
1876980
1453979
1149938
1295499
1221162
1857877
1339669
1568371
1147954
1435568
1528397
1547018
1133543
1540273
1808038
1126668
1359079
1017769
1197689
1357178
1284983
1695951
1007067
1355433
1380680
1470919
1679963
1017078
1993220
1162979
1364852
1781715
1901810
1780490
1907890
1024459
1641860
1293054
1612980
1089987
1863664
1824066
1414898
1332991
1799643
1605031
1996035
1049179
1170351
1672017
1903912
1584885
1954895
1568318
1522183
1365826
1639563
1561442
1657450
1160005
1271947
1174446
1537722
1967711
1451464
1144302
1430946
1232088
1777145
1573700
1265778
1169798
1392277
1201085
1325154
1300545
1938494
1197159
1668695
1804046
1093741
1561500
1109233
1960609
1428890
1257590
1229350
1822837
1088366
1386698
1432459
1266479
1103739
1852854
1117109
1820953
1250589
1891384
1580550
1010349
1335612
1610636
1228785
1794836
1855304
1716522
1528169
1245347
1917210
1762886
1189083
1393211
1953137
1462894
1771785
1033068
1931705
1795420
1796931
1011106
1283450
1095450
1853103
1188292
1456100
1272455
1524723
1530635
1243311
1271836
1633934
1093066
1942785
1023969
1865170
1369749
1940337
1217167
1978379
1977630
1416668
1893373
1101156
1496904
1841777
1016830
1564090
1168388
1917276
1989029
1026502
1781410
1485188
1898126
1371984
1332976
1194148
1355724
1776385
1754478
1169932
1730187
1422329
1192218
1590465
1985203
1366368
1288892
1757930
1877337
1180147
1973919
1083145
1747756
1706154
1166780
1708100
1612369
1764572
1284884
1598862
1211239
1625203
1104130
1629126
1900108
1977163
1827992
1734540
1991938
1089751
1661663
1776553
1057416
1828668
1018247
1812357
1460377
1067315
1120170
1037079
1935179
1591075
1364402
1701182
1414369
1505799
1565610
1871236
1777721
1070720
1160831
1423671
1130198
1668372
1743809
1459728
1611081
1696222
1722586
1089300
1411748
1467582
1226273
1626275
1272208
1907703
1624943
1237479
1698551
1522808
1042178
1419091
1790070
1493850
1581151
1025626
1518394
1022947
1757745
1446932
1193506
1543271
1665016
1928929
1863686
1040746
1285358
1611799
1266734
1062071
1420132
1158091
1961512
1133628
1764322
1375907
1772287
1468397
1519262
1051835
1878814
1172298
1924248
1945513
1879772
1707000
1969531
1855680
1250517
1278180
1425108
1040339
1811974
1797317
1322583
1988663
1240313
1995711
1196181
1081737
1581402
1654259
1196029
1232662
1508845
1225604
1736219
1706857
1502674
1997631
1822590
1019725
1283588
1322493
1848625
1379246
1606560
1615098
1451063
1359156
1241698
1848200
1756442
1151310
1605454
1257051
1510172
1610825
1974783
1928700
1487892
1626860
1483866
1370527
1516790
1333780
1880007
1721142
1890423
1950364
1756561
1191347
1474566
1709091
1227904
1201311
1330518
1814676
1276633
1428054
1276298
1469013
1707596
1802151
1542228
1269837
1326399
1921507
1570791
1857535
1664885
1484074
1024471
1218263
1641550
1819239
1134183
1634846
1470354
1976838
1329595
1283245
1101677
1978947
1376218
1882605
1819342
1327724
1016851
1019635
1078494
1336956
1317841
1665181
1969278
1568054
1979952
1715332
1832029
1006065
1070455
1984118
1188591
1808505
1854188
1524715
1299427
1772102
1182886
1199140
1214988
1167307
1999049
1315032
1846681
1244114
1236176
1210934
1539531
1459143
1615792
1203782
1943024
1946250
1882741
1234993
1178419
1834169
1451646
1711667
1273979
1862875
1477983
1249407
1476244
1306992
1503344
1273312
1150031
1216780
1551172
1005542
1642753
1729670
1612665
1191304
1530889
1888298
1506462
1296808
1316755
1050985
1118121
1584142
1227450
1113410
1436003
1809467
1529131
1395649
1390131
1238135
1148797
1850837
1464193
1997216
1941654
1133244
1826059
1342416
1371074
1157354
1050137
1734986
1415743
1680158
1096179
1174008
1446705
1571368
1214927
1711832
1055346
1188230
1694114
1176110
1611549
1002546
1677753
1922644
1274561
1138649
1161946
1180045
1152464
1877880
1773684
1182303
1428595
1497319
1882454
1959179
1134525
1110554
1192857
1392469
1850428
1366689
1693309
1924656
1237457
1886178
1154586
1784200
1033733
1464766
1223207
1370032
1718059
1990917
1662487
1672089
1714487
1943339
1484392
1198062
1644144
1193654
1001889
1706336
1466913
1809499
1762279
1085863
1643988
1300643
1972001
1641404
1420843
1275050
1720837
1760430
1055187
1551563
1166308
1058088
1197003
1704175
1010700
1952324
1877867
1015821
1379912
1578294
1543556
1822342
1478797
1496514
1009415
1585546
1080243
1046328
1238823
1899966
1791152
1841401
1265453
1964448
1490407
1678349
1183238
1777216
1360049
1663964
1376641
1675790
1390586
1687463
1980270
1885020
1018426
1778557
1862584
1389238
1488278
1864034
1293537
1988923
1151509
1487873
1131353
1543407
1724735
1314087
1473082
1841593
1970367
1983741
1767878
1505315
1211380
1248090
1358826
1706160
1230995
1711105
1303039
1177479
1757568
1867696
1702040
1940775
1272369
1384668
1328249
1376475
1318619
1820349
1774179
1082669
1010404
1727158
1236202
1240452
1382018
1341696
1977257
1940880
1414720
1893080
1476166
1259560
1013719
1300460
1770206
1612436
1097782
1291258
1406833
1183915
1451357
1720620
1154897
1166195
1870760
1808793
1603153
1800599
1934184
1599769
1935166
1302439
1616051
1622121
1331248
1165278
1106707
1886111
1171979
1082761
1401540
1042616
1416324
1129337
1595616
1913860
1393003
1609916
1146365
1196688
1218937
1817134
1068215
1345034
1363383
1301068
1635402
1967188
1105776
1426852
1358139
1728019
1362772
1870305
1173655
1918037
1727175
1865742
1893995
1992654
1999782
1043701
1154244
1122138
1289822
1465446
1356093
1030481
1093273
1550432
1434658
1025201
1523996
1775994
1009728
1021472
1406390
1559798
1536808
1828419
1756110
1142415
1588183
1918041
1758928
1593607
1131283
1520979
1165950
1951362
1911087
1879373
1924613
1929926
1400890
1772486
1654599
1790597
1045833
1537429
1844654
1791500
1991294
1319560
1967350
1304351
1391093
1027295
1963680
1059028
1677961
1442051
1662434
1593386
1636502
1134005
1640996
1984120
1545869
1412510
1848359
1470721
1353757
1925052
1045214
1573067
1747379
1617550
1155533
1437771
1799650
1382062
1398098
1366732
1583790
1310295
1735026
1182095
1936055
1537386
1214930
1456243
1230025
1430239
1855046
1465066
1434533
1900232
1561229
1176555
1209265
1302713
1671740
1284997
1825546
1396963
1593908
1450185
1324608
1844933
1769255
1204394
1726905
1750995
1647377
1340324
1438141
1757826
1324020
1961067
1421555
1931059
1718907
1803821
1322163
1400320
1700660
1452877
1992058
1098017
1578310
1501389
1468191
1191121
1249204
1232954
1336294
1862776
1444924
1643595
1209101
1622255
1621393
1095379
1374843
1611044
1465332
1839553
1389746
1748535
1374673
1365703
1948833
1040130
1003429
1820042
1603075
1991673
1714092
1121038
1700799
1051038
1505872
1126444
1009097
1139585
1727282
1577291
1534614
1920407
1919468
1111425
1287693
1235037
1239276
1682661
1158905
1509068
1246185
1784466
1286785
1805899
1292113
1131209
1874051
1348687
1074549
1613188
1531717
1901619
1167871
1350877
1113766
1469306
1258213
1668567
1209871
1845207
1708403
1856825
1252703
1434504
1218789
1649488
1998370
1109039
1469314
1384580
1352600
1927249
1639313
1744580
1515890
1642199
1686468
1528020
1796093
1509016
1925939
1601787
1563544
1734076
1722080
1001498
1322560
1384098
1485754
1727942
1976076
1601832
1592391
1289543
1059222
1850338
1645202
1502408
1829450
1261535
1433739
1485441
1574389
1445942
1027548
1884231
1916381
1700947
1004932
1909203
1962332
1561892
1492192
1003797
1743628
1607222
1638302
1514173
1006526
1264916
1542933
1487739
1218984
1983230
1605125
1962082
1349059
1157229
1935860
1059867
1060083
1296296
1425232
1528413
1956692
1664643
1186434
1236919
1666152
1255421
1253716
1241833
1287540
1976316
1714264
1016309
1413745
1279046
1299052
1271592
1785672
1117300
1687513
1071085
1292605
1796571
1275882
1819911
1489476
1182493
1848703
1187755
1269205
1343303
1552149
1860682
1809020
1580902
1437956
1144508
1780178
1210050
1143993
1295705
1083851
1048666
1468401
1946428
1142638
1632713
1619951
1994610
1213898
1581982
1780109
1490749
1987659
1023481
1923509
1400638
1348772
1529941
1344320
1039907
1846504
1342127
1213352
1507868
1027346
1331105
1523058
1383418
1661746
1394955
1918785
1468705
1715552
1486906
1609691
1490538
1468413
1192271
1849770
1894135
1731389
1354184
1288268
1162321
1404262
1607254
1047254
1420898
1567160
1744684
1396499
1387588
1031051
1823159
1809548
1336369
1369039
1493266
1033606
1114075
1981840
1008167
1575073
1624838
1725078
1926573
1002967
1582014
1722013
1116495
1260273
1360428
1926102
1450950
1103615
1092304
1884614
1790925
1346836
1996440
1853110
1407315
1517387
1221964
1350546
1380906
1488921
1422159
1364709
1688680
1981668
1457459
1003470
1615668
1251730
1870681
1926611
1383645
1143576
1603203
1258596
1225172
1234142
1803424
1166514
1055814
1240507
1721643
1303296
1382322
1290646
1711752
1682120
1393329
1628869
1451450
1306479
1155607
1854429
1682185
1281054
1310608
1108701
1600024
1244518
1011343
1139343
1565123
1851643
1476459
1385476
1494595
1016743
1436842
1011000
1815834
1094912
1879652
1541718
1540737
1786742
1314775
1061246
1750586
1087016
1161073
1850399
1263317
1340866
1152514
1156318
1754460
1502224
1571449
1241497
1662049
1556486
1663790
1016033
1238490
1526925
1686957
1559152
1421907
1009927
1478940
1375944
1516758
1557344
1960506
1711255
1194298
1968563
1948478
1835574
1112582
1649465
1144185
1567336
1567945
1632635
1334476
1350606
1201517
1607707
1107303
1978713
1598066
1361113
1597001
1109218
1702214
1518996
1042952
1170755
1957801
1270912
1318149
1000254
1683519
1301762
1406094
1863989
1889867
1594401
1056840
1150818
1341558
1118930
1495076
1362995
1557409
1675964
1514416
1614827
1350352
1169237
1929851
1527867
1814897
1728340
1026440
1400734
1229709
1571341
1821242
1724887
1081101
1940196
1857649
1328435
1917090
1040267
1452223
1064952
1655766
1563922
1285818
1582731
1271026
1802106
1249513
1994539
1607430
1406737
1057339
1539600
1764907
1389754
1373200
1017930
1303934
1824265
1939545
1557435
1519183
1547169
1417571
1354032
1628114
1952599
1897588
1005109
1298633
1595324
1997295
1812269
1702900
1419246
1277433
1798198
1262683
1674642
1476314
1737065
1391852
1691446
1457194
1711674
1625234
1935793
1398882
1708659
1763386
1278288
1193203
1268329
1217804
1123121
1604581
1550629
1351311
1404695
1702167
1192991
1636674
1597038
1271245
1338499
1869472
1650054
1496738
1839255
1944378
1774042
1462220
1180648
1461502
1732482
1042490
1016191
1970338
1414400
1134021
1248780
1266011
1448945
1733460
1597598
1476108
1689057
1645615
1778636
1437886
1851621
1635364
1660314
1894481
1080978
1879281
1595987
1067985
1210637
1316761
1594615
1240997
1362929
1835670
1887735
1305173
1177832
1167319
1434663
1656125
1835567
1042050
1593312
1530817
1474964
1989762
1351536
1060667
1534718
1896206
1851249
1963371
1023146
1349176
1604604
1521791
1481974
1448064
1762999
1699751
1619807
1431862
1663283
1449090
1912798
1101862
1783747
1696600
1952463
1774330
1287211
1261126
1818825
1248713
1922966
1393921
1455808
1642528
1135014
1546105
1126542
1897195
1765419
1250777
1239291
1102539
1949625
1871415
1243270
1401246
1218330
1935447
1736404
1408535
1368315
1683410
1050683
1399234
1675939
1318845
1405563
1725875
1070029
1946264
1095635
1013283
1522695
1901596
1056574
1518742
1335066
1178629
1528335
1084484
1362013
1646490
1249882
1333412
1151240
1971753
1323299
1427928
1401950
1748352
1043861
1742593
1647312
1860814
1237728
1703988
1917405
1231957
1964175
1256929
1262774
1755119
1079528
1809360
1988089
1175850
1242219
1303567
1729513
1744197
1344674
1886426
1480156
1874935
1479257
1871440
1408673
1603904
1151215
1943547
1489723
1012277
1914247
1842451
1825747
1545722
1009139
1275788
1517448
1542660
1944975
1549264
1545201
1746390
1969492
1722392
1761032
1072209
1800389
1567706
1049447
1221825
1431795
1088412
1818693
1057429
1393222
1674304
1341532
1717594
1788327
1073172
1336208
1055059
1983833
1307020
1195057
1843662
1502097
1033771
1956535
1935822
1775484
1791958
1978394
1561536
1858019
1480639
1131594
1012563
1515570
1340857
1679202
1611962
1399971
1850367
1782607
1300686
1129557
1763093
1987027
1368872
1181861
1828183
1221689
1424800
1832762
1035069
1549313
1129297
1120872
1162127
1747439
1531433
1064300
1608888
1628626
1606231
1758823
1666739
1333228
1770885
1758050
1060371
1524313
1840974
1088382
1002665
1404077
1556611
1065049
1447121
1038404
1945695
1856763
1347015
1570541
1090944
1575779
1944216
1528679
1620322
1620589
1033163
1068747
1489136
1862097
1991282
1699160
1171114
1873394
1549434
1122545
1760283
1812904
1645750
1516523
1186250
1939082
1664273
1847259
1807729
1301303
1037094
1876231
1437328
1071926
1354044
1226375
1186286
1792515
1323520
1283933
1306844
1705152
1892322
1598446
1742335
1023670
1755107
1651825
1562977
1705679
1012124
1395132
1035775
1924728
1304275
1375047
1025312
1444390
1275178
1688261
1349456
1392868
1113544
1916094
1915757
1101214
1500096
1780086
1065356
1194633
1468517
1981765
1478173
1493303
1952831
1806141
1121351
1013594
1491647
1148441
1188650
1338500
1206201
1989240
1292820
1041568
1253569
1701001
1495414
1153684
1349335
1722179
1506968
1353685
1844129
1818672
1575367
1875664
1632565
1141987
1768741
1088742
1130890
1667121
1103229
1785406
1495790
1195552
1662779
1431729
1267830
1612119
1917340
1149720
1663939
1913691
1206225
1095315
1108382
1705071
1490389
1403793
1769638
1568248
1397415
1344699
1674703
1195180
1925159
1198442
1284250
1565539
1631279
1004128
1958253
1252844
1343132
1232445
1813432
1920348
1964759
val_subjects
test_subjects
 