train_subjects
5168884
6017152
3538303
4226407
2231462
5483340
3398702
5429402
5207678
4706649
3196934
4761931
2070786
4763406
1895212
1535865
4534155
5147420
4611778
2301907
2087932
5243185
1399379
1098711
1128997
4274015
5857396
4376424
5466914
5754350
3552646
5000958
1422488
5522836
2176987
2922330
5275848
2401112
3073956
2566258
1961219
3748934
5954610
5553881
1259119
2062749
1161946
2807839
5091357
2416117
5466502
2651097
1975642
2836031
5587999
2101175
5346945
1585208
3537959
4923014
4492842
2793125
2648768
5766392
3422213
3279835
5554554
4864067
1707377
3822901
5909987
2834525
4194944
3739271
4542585
3172651
3200475
1016071
2712620
1318982
3460287
3522784
2574662
1623587
5500977
3621249
4051502
2757127
5876396
3883074
2745753
1051038
1550749
1347497
2295122
1386698
1938408
3767235
1335528
2899351
2634985
5386979
1856162
1768023
5206820
4456456
4065499
1103739
3753238
5816938
4403105
4698201
5612667
3565594
2980481
1231280
2942830
1088063
1388002
1090975
5154243
2282325
5299623
5112990
2610293
5850275
5464809
5275725
1115835
5509752
5576127
3712948
1282361
4097047
1700660
3802683
2599343
1305312
3936848
1040213
5387840
2272284
4438797
4944948
4935060
2977103
1230080
1333780
2449384
3874597
4426636
3657060
1870072
1978947
5200293
5322396
4163519
3516017
5281132
1538731
5555309
2420750
2804055
4471688
1808755
5255122
2886618
3076774
2684672
3610130
2939511
4387735
4086724
2909838
4975889
4416175
2285266
1963078
2539656
1331502
5806749
3824110
1845811
4683270
5893659
3636038
2264551
2989360
4381809
4263369
2921057
4957123
4518364
2593099
3254644
1682185
5828506
4981812
2350981
1932297
4435756
4665124
5448026
5978945
4463504
5264659
2695036
2781180
1833869
4418990
5738664
3628116
5400417
1279431
3329628
4699651
5692221
1847220
2270248
1232476
4114828
4644766
2596460
4574472
5199715
2215466
5941831
3524376
5291491
4696505
5087973
4436351
2917950
5059438
5462959
2281364
4360253
2570343
5731170
1883973
5288162
5018609
3474966
5880077
5813129
4510517
5003249
3651130
1893577
4546799
2996940
3347467
1729513
1435890
1611044
1681721
1807729
1075748
2592888
3288476
5408844
4615511
3421633
2968079
4452410
2787472
5242342
5161941
3001022
2011462
3623777
4629356
4912138
4525324
5003251
5803347
3213567
2971126
3407745
4590902
2654558
5956415
2728341
1634717
2849240
2758491
5768675
1629002
3502916
5882402
1834059
3194070
1926102
2675832
5433624
1687513
5429017
2179278
5056315
4587918
5313321
1373200
1134580
3112876
1841593
2433475
3400056
3200271
1297891
3815382
1400819
4577803
3117094
5507995
2064065
1225708
2450121
3068684
3651504
2628042
2713579
4899842
5613113
4497271
5944582
1943585
3422398
2091766
5004337
4129902
1174288
3516571
1394066
2425421
3898616
5185800
3379377
3654924
2753584
4162222
5964680
2829600
5730353
1585546
1253716
4491712
3253944
5355884
2307220
5117439
4253361
4398692
4264359
1138812
5951821
1398122
4949340
3750171
5272832
3886454
5917668
5066562
2613687
3545756
4899921
2374346
5811541
3059957
1093795
3977233
4324288
3668031
5754663
1130703
2356691
2272413
2598002
1812357
2989892
1058618
1475153
2545182
1735394
4522369
4227192
5828439
1471064
4016460
1757832
4357843
1007433
5694643
5353459
2150424
2278119
3244287
5475220
5547801
4398938
4042231
3556807
2988232
5169813
3963373
1706831
2616381
4180207
3375782
2866379
4496173
2486518
2385040
2156036
5859573
2363098
4461340
1038860
4378499
4422131
3892766
2262617
1332481
4616191
2755981
2100729
2784644
1604367
5758588
1055110
5720772
4916197
4985055
5751770
4387130
1621393
5563001
3975290
2489288
5167681
2445798
1928080
1042296
3664561
4244337
5608874
5774946
2907364
2187234
2280281
1015942
4877349
2908124
4831305
5356528
2907709
5893911
2409968
4613076
4378311
4644221
1308617
2039336
5783752
2249410
1848734
2575972
1784060
3601349
2746303
2403756
3229836
5306223
3137494
3765446
2074758
5063633
2380242
3819898
1587494
1894714
3941371
2633428
2904733
5170620
5360025
5882690
5033198
3010838
4193760
5685563
4724414
4807012
3625680
2166998
2612615
1107328
5487744
1530799
2387283
5553423
3949207
2204880
5157211
4245291
4903854
3113597
6005655
2342598
1365703
5173152
2673615
2185124
6005104
4242595
5148142
1580564
2993313
3157685
1464575
5133136
1749402
1284997
1985203
3932036
5910328
2121800
1536599
3025044
4472063
3718935
2039538
1281537
5375283
2221009
1895853
4017405
4013628
4784252
3797924
1076931
1337880
2851597
1337427
5431402
3977857
1921507
4655499
5852909
2090355
4928584
3444128
2428596
4082734
2244459
2851424
1442575
2756064
1803163
2376356
5742052
1268171
3570013
5773646
2704589
4392187
1924595
4625343
1406961
5946099
3042409
1268880
5300453
3855244
1012410
5942502
3281755
2243730
1048657
1548159
3963521
3503721
1299222
1440628
1031027
2449880
2364420
4078323
4113608
4440224
4862573
3966319
5420359
2998139
4581648
3098007
5712102
5709777
3202267
5876516
2123845
1544207
3999974
4745958
3337681
5103052
5974753
2993870
5301261
1742593
4528993
6018196
2035951
4177855
3767427
4857445
3220748
5139292
4657024
5969830
3656517
2417140
5679594
2382296
2198064
1142516
3837235
2673786
1153714
5952861
4540857
2594154
5551219
4252168
3734213
4890962
2570339
4047388
2561641
1748472
5945742
3540360
2137353
4788656
1567945
2691266
1968802
1194633
5727408
2918335
1558687
5655543
4203958
4174668
2925333
3676396
5085376
3366562
2333104
2689175
1233661
4742510
1541718
4482675
3327594
1977560
1632464
2420216
5942293
4946888
1015938
4259172
2503424
3885946
5124642
5936094
4125503
2046071
5334539
5756732
2703722
3218283
4089839
3752119
1564252
2576747
3244817
5527990
1312680
1263317
4554137
4686617
2775521
3877810
2384960
2306470
1446705
5312877
5648275
2925177
5153026
4024570
3473944
3434959
2780671
3524999
1678418
5862266
5750696
3881732
2420071
3539585
5113505
4132702
5337191
4960626
5344850
1726905
5780506
3568916
4605765
4058467
2067744
3419429
4863637
1786210
3694291
3975001
2022034
1275178
2361704
5549521
2267285
5262567
3044029
4869802
3194821
2454641
3910586
4107277
3190421
3728304
2917052
5416549
3813698
2370427
5674535
4023864
5136453
5544136
1918956
3748808
5916923
2072261
5774954
4695701
3566269
2707761
4261909
3667226
3748432
1070455
4926722
1805395
3890687
2990455
1470640
5939585
2933741
5161306
1336208
2466176
5533560
4932860
2398662
4948815
5574007
1025225
4081005
5776877
2120707
4581297
5965414
3751450
4110051
3983958
4711498
4252933
2340049
3047994
5676714
1885020
2088147
3652380
5929719
3277449
4933623
2388682
1944284
4382180
4030898
3071978
4074188
4187553
3319005
5016655
1844836
5715559
1013763
4599622
1665016
5639521
5815528
5418521
5074355
3854276
5153116
1277290
4223255
3985787
1909081
2867409
1606231
5688144
3477144
3256693
2543782
2747781
1234288
5803625
2775462
1566339
3622822
5579292
3457726
2827305
1716215
3610891
3868129
3232472
1282178
5056725
2286229
2190854
5827461
4299131
2087712
3731820
3032366
5633611
3953371
4368312
4619405
5279898
5220084
4215471
5528211
1845809
3399819
1388352
2207073
3677798
3303288
1087294
3188071
1467582
1922810
3217623
1014972
1833201
2151958
4835310
1253569
5032552
3776512
2757061
4163264
2617129
1208396
5484356
2965372
1265106
1632141
4494551
2367295
2946871
2975803
4715426
3036236
1641645
3548709
5169091
4322243
1911943
4431475
2592187
3869317
1045446
1468705
4084617
1507124
4997552
3459645
2509378
3229228
4828472
2660904
2662008
5200769
5179005
5463109
3962593
1811163
2564118
4408452
3518791
5104664
3800156
4536455
1753185
1137331
3416896
5718964
1918455
1616590
1452448
3297291
3444750
2758073
4974531
3150474
4381846
5222986
5479304
4296163
3965507
5337033
4780084
3967439
5374198
4269500
3469874
5384774
2629589
5197944
1923215
1359576
4650738
2939651
1450977
4006467
4216048
1840208
1712463
3272629
3728255
1196839
2986893
5239637
5237967
4651748
2689522
5284194
5856322
5391948
3613767
5027998
2717112
3287312
3936678
2176481
2184542
3325885
3327943
3077833
3019949
2349969
4662830
2137370
3432076
4596397
4512703
4429501
2740681
1238952
2002191
1724305
4237918
3494772
4640188
2704806
4723265
1882230
1488693
4553006
4463173
4255760
5700882
3444176
4802185
5609221
2997109
5702072
1160218
3546471
4671682
1002967
1680181
4368596
2930873
2650869
5787746
3030156
2578743
5877499
1634846
5185252
1924248
5206230
1708014
3503798
4740701
2533658
3739204
3211417
1096462
2871238
1203136
5643448
4329678
1292113
4712771
5489351
1523774
2715208
2870166
2728600
5070466
1806412
1295134
4543864
3945716
1433798
2425137
4267174
1380046
2964309
5256997
3742954
3429849
3456785
4017044
3146451
1279415
4603225
2559336
3417660
1436414
1258402
4309806
2379255
5711016
1453908
5971055
3194886
5151890
4294136
5765799
2079310
2489381
2462212
5581948
6018368
5242837
2820464
1756442
4378873
3367501
4032661
1020576
1350913
1289968
3963263
4439614
5639902
3825233
1700170
3317665
2191675
4913164
4547249
4553243
5184337
5383124
3967622
2557913
2060619
5128793
4088810
1726069
3723563
4742174
4840051
1497422
3538980
4279090
2433419
4442480
4065059
4554947
5446943
1661188
2552123
5314750
2916029
1879687
2860542
1001742
3411582
1188180
4086042
4104246
6025016
4328183
4503542
1177529
3463875
5375744
2429037
2247623
3092373
1359510
4415319
1896859
4834591
3001236
2073206
2365089
3766925
4704766
4873017
4159721
1480460
1346701
2845276
4758345
2779363
5513283
5367541
3177586
1312177
2322413
3054183
1362995
5192252
2629322
2200176
1757139
5448904
1342416
4452243
5976187
2298871
5989973
1684767
1285989
5573342
2832524
1359180
3372295
4167348
1695584
5797075
5261022
1227904
2665270
1568054
2789969
3164038
4023158
2196786
2773476
1508256
2361877
6014067
4392892
3540020
3180484
5390590
4256951
4931113
5620473
1609550
5394810
5863036
3072834
1320209
1332426
1706355
2945027
1940211
1821089
2217175
1501538
2771849
5912672
1925147
3087765
1307572
2189711
4840837
5921953
3600767
4311095
1854429
1431435
5649786
1339365
4734306
5157302
5226585
2117073
3934359
4646554
3257554
2306089
1400333
5254926
1369259
3157604
2175096
3314093
4017477
1102941
1620096
1970983
3058181
5628422
1795420
3016620
3054426
3373634
4564036
3648578
1778069
3410097
3958782
2970818
1306992
2625540
5057639
5792806
5487515
2497345
1455823
2435852
2608714
2575079
1177680
4933295
4265842
4732044
5284809
3351757
1750349
4398980
1153684
1245359
3902762
3461042
3945066
2302010
5229326
4440248
5396566
5945697
2927215
4062552
5460156
2330485
1732988
5343638
3184189
3401114
4856628
1123674
4045039
2389748
2352826
2062160
5317968
1273520
3996634
3823072
5762906
5700324
5735296
4809784
2294963
5637977
4200895
1946264
3913028
3839984
5475109
1651091
4581254
4288716
3338221
4161004
4080975
3790336
3857840
5999404
5343703
5184162
1097782
5916188
5935526
2093417
2635564
2312429
3274802
5718451
5547707
5075816
1446152
1840759
4986060
3875295
4416821
2594039
1240731
1274873
5465106
4621578
4768098
1394411
3969468
4907573
4284572
4498318
3210795
1395455
1518291
4439898
4830281
4841206
2072734
2563737
3695232
3403260
5339277
5408121
4555131
5585054
2933319
1743652
1528020
1656363
5806039
1645975
4191421
1025562
5592703
1865287
3355531
1871440
4340095
5779108
5174876
4762313
5362073
1846504
2241144
2775883
3552439
3366256
2777098
3615639
3039487
5065724
4594859
4974395
4014178
2002721
2810692
2462399
5390250
4193468
3947964
2514598
4105622
5877666
1510558
5289065
4507169
5377605
3992951
1371123
5148677
4468251
4605894
2189024
5510512
2234303
5406803
3087727
4492395
1677015
2966715
3001906
1304074
3270256
4075011
4832049
3815985
2134715
4959200
5720724
4578870
3500403
3296528
2302235
1886262
4798836
3730073
5585333
3924577
5951376
2340487
3994451
4635912
2356953
4885859
1939319
3729534
1211526
4939910
1554537
2853599
2773250
5169341
5033143
5835019
3207804
5907369
5073131
2951810
2941465
1803718
2744870
1296197
2140934
4559319
4008945
2501193
2796327
4155395
2012227
4402381
5552677
3248022
2333341
4016621
2259524
1229055
2210006
2761582
3645172
5883535
4769592
5787887
2716666
5981622
3619854
1187603
5835137
2748047
5911202
3365772
3853618
1716522
3848505
5266223
5563968
4974329
1176555
1885018
3835288
2606888
4271632
4409775
3899203
3072644
3920924
3812745
1027346
1130699
4409162
5318214
2065446
1860253
1684824
5520753
3348790
1068942
3316414
5767816
4668578
5006459
2841668
1657450
3148959
1487830
5170356
5736399
4737176
2933057
1141064
2337186
5226072
2677688
4054581
1630924
1212681
1170916
1416218
2586714
2915167
1915380
3254343
3322727
3380793
4315225
5571480
5672768
2332476
2903502
5651499
3179769
4483805
4930298
5723986
5717145
4403844
3513544
4749353
2495667
3835804
1067817
1961564
3257688
4890421
1633218
2254396
2322059
4025726
2159363
4832507
3748629
4537523
5297503
2488710
3924131
3026700
3733425
4627806
5219222
2059217
1640308
2980419
2717431
3628855
4199844
1217332
3752391
3475965
3209284
2881116
5486002
3798772
5544618
2581462
2850972
1690782
4646649
5234940
4154584
3471552
3708967
3185332
3597246
4152377
4684000
5179815
2057761
5553186
1367649
1612002
3633101
2810472
2592524
5760524
2167771
1965346
3034586
4089649
3444524
1233222
2841444
1742712
4611173
3953973
5316367
1446739
3428433
2355660
1668043
2156149
4703527
5621090
4645040
3210167
1139722
3139767
1620777
3538190
4239188
2846314
2629467
5470069
3725669
1235424
5106268
1044124
4079823
2333636
1557409
3925828
5822471
1389201
4619477
3685069
5345631
3925350
1995151
1601553
3423614
4069719
3615534
4947466
2264592
2632492
2036316
5686409
5595918
3666367
3339235
2312398
3652911
1730047
3571797
1097049
4475504
2505540
1955251
3001973
2905830
5835184
3059238
5064379
3026179
1011845
5092352
5674144
1604519
5094712
3878172
4166437
3895369
3820874
5524550
1448903
2379699
2545929
2637475
3972368
3685540
4729436
3701617
4066458
2471696
1106341
4020501
1110692
3702679
5873629
2913195
4429991
1939545
1866140
5244249
5366851
1748352
2836460
3331182
5907649
4155162
2560216
5929781
5633141
4327362
4969351
2098878
3992009
4816168
2510079
2383464
1720620
4942841
4146046
1718059
2422482
4630043
3031630
4757252
5231818
2008158
2987008
3404896
5541097
2807956
2136877
4941562
1977231
3509324
2753078
4444039
5108928
4079629
1812269
3088819
2092048
1901274
1185501
3451396
5268438
3184954
5219880
3468731
1760171
4388239
2930679
4453775
1726880
5733979
5903640
1283245
3890471
1951143
3331462
3339636
1521791
5273643
1431885
3394270
2783378
3276208
5319347
5883938
2077997
1430841
3748021
3368906
4247544
2999363
4112496
3069861
2424076
2767713
5979394
1224098
2160911
2698921
4589429
3288030
2978353
1627193
1401825
5383161
5212251
5952609
4971111
3480777
5551748
5866027
1002053
3542304
1928700
4079160
5439904
5936460
3719600
2650559
4915128
5988936
3990623
1764777
2128332
3003063
1608284
5137637
1846778
4908560
4921500
2130225
3345192
1679932
3487356
5911018
5814006
2273577
1169110
1278040
2813410
3026485
1850338
3598033
2413350
2356793
3275664
5682322
1277232
3493668
3778429
2223800
1925159
5962165
2132773
1594413
1516540
2441157
5370730
5695303
2594882
2477795
1799142
1385239
3748928
4357387
3891828
4112056
3203999
3440515
1937882
1193654
2630877
5723856
2974577
2899244
2767129
3651915
4631604
4391406
3639119
4470409
4732713
4947200
4734281
3890194
3558707
4223224
3189123
5677585
3906399
5447980
4397893
3549068
4474748
2930322
4294410
1923181
3269016
4912753
1821242
1111963
3850718
2553085
4516001
3992992
1758348
1825511
5528147
2295178
3240144
2246320
1183470
5366335
5765129
3655999
2459923
2243336
1565691
2440904
1549313
5584690
2675881
2707418
1480639
2144236
3027816
3474114
5889657
3055212
2208429
5422145
3046501
2993757
3189420
2669492
3292764
2505384
5076249
4161253
1592877
4039082
4124575
1363413
3485609
3989580
4979796
4507750
4863538
4566624
4320392
1771215
5601448
4862660
3710228
1264388
2025330
3195849
4962879
5260675
5468159
4191252
5923787
2869865
1498505
1197147
3828199
1706160
1159633
3913076
1105680
2753844
5104729
2416410
1285729
3265654
3395197
4677580
3721456
4481092
3311917
2895273
3394615
5744756
2781292
2353478
4046816
1940337
4021544
5829695
2295788
3203942
5968755
5108976
2247309
3839459
1600468
3082147
3111731
5880934
2039300
2526981
5622925
3421338
2528197
2761341
3762501
2459709
2010464
5629293
3490040
5348286
4985940
3426141
5066000
1357910
2329377
4729240
3691216
4593508
5049342
4655873
2516150
3079062
3348921
3336903
1461078
1872481
5968263
1160808
1732502
5336431
5300114
4162648
2227838
3214349
3609076
3464938
4366897
5309263
3939018
1171114
2836686
5671645
4934343
3976562
1415152
2752770
2371872
5919273
4669559
1195948
4677773
1791295
2884926
5334115
3025767
4234730
1328381
5681693
2387523
2494377
5872551
4556783
5588129
1512512
2660032
3816351
5326182
5293925
1088889
1694114
2899013
6022708
5335188
2461644
2524381
2698076
4077796
4602597
1026638
4361426
4644519
4911327
4247868
2124500
1401523
3547172
2105596
5843736
5445143
5422589
4695872
1158473
5439276
3565566
4672943
3945737
5455323
5985727
4633877
3252645
2519006
4495937
5133434
1870834
1233045
5911963
4654119
4383078
5122828
1629068
5742196
2521398
2229809
5618559
4777079
1722080
2977827
4412317
3933215
4302267
1446666
1257403
5250368
1368713
4805351
2147770
3213538
1963415
3345760
4326555
6023316
3617781
5568511
3031345
5249170
4493205
4310206
4439535
5268004
3903127
1109218
5555110
1996385
2263051
5224366
2024450
4595688
5297885
5306493
3492855
5831976
3498825
4947703
4987806
2611977
5602592
3351723
5258552
1726719
1196084
4233373
5127677
1534509
1682449
2494562
3341472
3607520
4448334
5961250
3757056
4370845
2371889
1224823
2136352
5462405
5836916
5365509
2704615
3038196
4280406
1095228
5029263
5216525
4832374
4371431
2364459
3094149
1762310
3493641
2866549
4298666
4809344
2012552
5775273
4929249
4762604
5867860
4290876
1516624
1830648
4540475
2752031
2817567
1196282
2888057
5684882
3438139
2100422
5605722
1358826
1339447
2203643
5678051
3016604
4825487
5502282
1798776
5401071
5516237
1801452
5025716
5087482
2150303
4784464
3094675
5285571
1468397
1692013
3537697
5262653
2506228
2746436
5529239
3633307
5292299
4720536
3053232
3718410
3845939
4112471
1697630
1006065
2281280
3360554
1394552
2938722
1772646
5532571
1340788
4232360
3897289
4666411
2417099
2170007
4836311
3083264
2330025
3751861
2250695
5830085
6020995
1033733
5508227
5806969
2102514
3988780
2297822
4265209
5448168
2065008
1605454
3859023
4326615
5817540
2127275
4849840
1558691
2682541
4436717
1400638
2470039
1793757
2131083
5713426
1736038
3331676
4295612
6022325
2127306
4416913
4564256
1299874
2603838
3879707
5042573
4022377
2305916
3899971
1275154
5383155
2719725
1039062
2742629
5063868
2820780
5322553
3686184
5275920
2876892
1782887
4703323
4526590
4889717
2507344
3079071
6013348
3163419
5295842
1092906
1709120
2570055
1122702
1172794
3883365
5223092
1671740
5515614
2185313
4565568
2855402
5985928
3116075
5819056
2568312
2181395
5078614
3379000
1935860
5201069
5330057
3033987
3605187
3564710
2403421
3104918
5141090
4352263
4108923
2646476
3460549
1280845
5877500
1275840
2692228
3638979
2181648
3450923
3819215
3105736
5686621
1666739
1042475
5794285
3735186
4098964
2949484
1615653
1098966
1220347
1841777
3164140
2865856
3607484
2614348
3831466
5461163
3645997
2926986
1589767
1206746
5891888
5986581
2736170
3691932
1320672
3513124
1718438
2700003
5483331
2113082
2625104
4221290
5367703
3861174
5830442
4184363
4114398
3367111
1629554
1065816
4561621
2604552
1649557
5936859
4759151
1175630
4847240
3783005
3704355
3159310
2652567
5196703
2182062
5251551
5673642
2353435
3222715
1165813
2009274
4707302
2745741
3735466
2841542
4888322
5121092
3185650
4835597
4766322
3759054
3287908
4264139
2450248
4847759
4808009
5936770
1606310
3401658
5727973
3172084
5732424
3536101
5248815
2251935
3987771
2313850
3950141
4132936
4545838
1831506
1378911
5593729
3212959
5868040
1106964
5296985
3545340
1531349
2069598
3182580
2486783
2789481
2934912
1716554
1364089
1724453
4291988
3856797
5444810
5718302
2638529
5800836
5817488
2796512
5487921
2423768
2897120
3210138
1903508
4158748
2590466
1020804
5548360
4167866
1960506
3278110
5491281
2046311
5324624
1171312
4767776
3444907
2446882
1265778
1598862
4732366
3842681
4029176
3804941
5852136
3900726
1621879
4680193
2548440
2291646
3708376
1791657
1283588
2987079
2010889
3825574
2623352
3683733
3824873
1128532
3783641
3255553
5413472
5270830
4290644
1329236
4851773
4692787
1489155
3640143
4840671
1063056
1570541
2885629
3391331
4753433
5690447
3876361
5872848
3149751
5390264
1859602
1743628
4746021
3416066
5948343
5811674
3688748
5220279
5834370
2789432
1134183
3644879
3454051
2940078
3193022
5755396
1599466
1827289
1349456
2382393
5205731
2543014
3815817
3609707
2007904
2364878
5263170
2577655
3214772
1671946
5978043
1950398
4352179
5331266
5722403
5315389
2078242
2966708
4511751
5524505
4306514
4088562
1283592
5142942
4206341
5702746
4808601
5144096
4623086
1431079
1138546
2956059
3721944
1606095
2152540
3571114
2178148
1034371
4183636
5614028
1701166
2029422
2997336
1576936
4821912
2014424
4453661
5806475
2953406
4967905
5184726
1335612
1637020
5814051
1901810
3254940
4104034
5789473
1590045
2550633
3475728
4260501
1331553
5709743
4259092
2474699
5280534
1848625
3723954
5708968
1229559
1076754
5888433
1145063
3984225
2074726
4974790
1687463
5991423
1036933
3681380
3366106
3520137
1160317
3994758
1885615
3896750
5195321
2735579
4078592
5671232
1600024
4596798
4905428
3399734
1495159
4067339
1038140
5961367
1546396
4156184
3993784
3485660
4708907
2913918
3302595
4908877
2455983
1727231
4874500
3963761
5172953
5086682
1902960
1895264
2091073
4407658
3465589
3325591
4364211
4768296
2195651
5551929
3320797
4695985
1837603
2054004
2654837
1687602
3166965
3115998
4039534
4454528
1344035
5943936
2549528
3704714
4717970
1289883
3322262
1728276
3655688
2465175
5250384
3502099
5234377
2025392
4834833
2098433
5868079
3819266
4043093
3452684
4174393
5268981
4731771
5912395
5980689
3999839
1304351
4460763
3434291
2992427
1490637
2391724
3325199
2925667
4140936
5021248
2478392
4542149
2237453
1790925
2201556
2292493
2361208
4033338
3967725
3630145
2466640
1139192
3198978
5543817
1757819
2510993
2776915
5060175
3875360
3988168
3862860
1045528
5068200
5724156
2469971
1540057
3261064
1246316
3497517
5767909
3807191
3514245
1801723
3538614
2795678
4352846
1038822
1699160
1714006
1010676
5531544
5268958
2694207
5311252
1761032
3929088
1999532
2536088
4593451
5931091
3364379
4548365
4835163
5419990
4923124
1908463
5844098
1401254
1426562
5314963
3999843
4073438
5689520
2873430
2422601
5181882
4538865
3415671
2347084
2459017
2138311
5934882
2626308
3473237
5111594
1676405
1525924
2187443
5911932
1724036
2542368
1689871
4965015
1528335
1401655
2686404
4420212
2307751
2370171
1013594
2808654
1221162
3179177
2564209
4247136
2116652
5649705
5177391
3682173
4546713
4559643
2819292
2158289
5059975
5686332
2980336
3185768
3363868
4219605
1589228
5719342
1610034
4848920
6009480
1785185
4124403
1422045
1884614
4183515
2160978
5974319
5739906
5324825
4633762
3087407
4021428
4656490
5424086
5367699
1275463
3062014
2169952
4141796
1063748
3892544
4929214
5764939
3020798
1543653
1997237
4381970
2058307
5706443
3102880
4870384
5765276
1267830
2919789
3389357
3105634
3138751
5774124
4218112
4261837
3851322
4015618
3921455
4440177
4383529
5773081
5866671
2042445
3420348
5128244
4450550
1487712
2702400
1614456
3632200
3304912
2020630
2032365
4275266
5495777
1732728
2036235
5965781
5449765
5884022
3065328
4553544
1533881
2405650
3517945
2252017
4051224
2768119
5914683
4014204
2128167
3150631
3732433
2774893
3506964
1749915
5229804
3128029
4869526
4658399
3890512
1289634
1388839
5084639
4380443
1551172
2239052
2471563
2716216
3742476
4462522
3809277
4588068
5527517
2003459
3755616
5424077
2406489
5688673
2645668
3951131
2271726
3235792
2162263
3125526
1208776
3162195
5777414
1250517
4056266
1659690
4228277
2316549
3394892
4141665
2321278
3294727
2778601
3519273
1937727
4823327
4884841
5851484
6023732
1498577
4556547
3127234
2656107
1864235
3457283
4178597
4348906
2813298
3498842
3920552
4013883
5067501
1376300
5714564
2501802
1356106
1107126
3562470
2114781
4120887
5313386
4573667
1613188
5482204
4921572
5359982
4040905
5433825
2548479
3855835
1658417
1291447
3380219
3052346
4009683
2254272
1891998
5780622
1834216
5134075
2229327
1109233
3483138
2161605
1986505
3018847
3257345
1173427
4097467
5092158
5824437
2397238
3423999
2743252
5522646
4538990
2299710
5173555
4108267
3093202
2015666
2339443
5028932
5768429
3150798
4561040
4637770
2906815
5339671
2502242
3424261
3316531
1129986
5999902
5720013
5068396
4376279
1450414
2249342
5980283
2593001
2254217
4753835
5168563
5593961
2429095
1067019
1624899
3434774
2459192
1984624
5048384
2959315
4760846
4928680
5168837
3922836
5682442
1729857
1766452
2882257
5309140
5518501
2516479
2376301
4082516
3011962
1950735
5384357
1903856
4203679
4509205
1885438
5202474
1731991
5135916
1601385
3554115
1687077
5285722
5314593
1648618
2042935
1348687
4051914
2368939
4912650
3691958
3949968
2620641
2338039
1582051
4022845
4815899
3298578
1322583
1561145
4187236
3406608
2761003
2947506
1166340
1806527
2996852
5023861
5060606
4741724
5614283
4225128
1955079
3601290
1793469
2362129
1209101
4037389
5431607
2480190
1416695
5624786
2148327
3265738
4635222
3808950
4919297
3450470
5390049
1790805
4218143
3812371
4972832
2988748
1405563
5596194
3183063
5379096
3453203
4444695
2424159
4321114
1457687
1209936
5546334
2759582
5041215
4232237
2540095
4885784
3934457
4388659
2019235
3122932
4536606
5498161
2709553
2196572
3352343
1745277
3565406
3468671
3485622
5214455
1840417
4797231
2394376
4475979
5516572
1646419
1632044
1330709
2137600
2259932
2597933
2080795
1604313
5350318
4877258
5134210
5675682
1648027
5336625
3498950
1510380
2577856
1471765
3774540
2249030
5372585
5458571
5866802
3636902
5635698
2098835
4179504
3050667
2845075
3523083
4640681
2485521
4029202
1860682
3397131
4147110
2931426
2767394
5240447
1396963
2536507
5624830
4121973
5866526
3234907
1257618
5055091
1705152
4563892
1574458
2428982
5828498
3556255
2926950
4044739
1723524
5183326
4150109
3154028
5374906
2648113
4628395
2835544
3677682
4035577
3320036
4475151
5043808
1350999
3567094
4978658
3487148
4467179
3737132
3129149
5864739
3981948
1379912
4189697
1802735
1134039
3003195
1848359
4331774
3239139
2561714
5636665
5642343
5774243
4962300
5752505
2285785
4767638
3480145
2763420
4918367
4023095
3983932
5084503
3449371
5041762
2563770
1112118
3633319
5872683
5485079
1458358
4844364
1254353
3459418
1283129
5042904
2844118
4446784
1598066
4502609
1719603
4330813
3850925
4982701
2540266
1563922
3509262
3200259
4188490
2426042
2930694
3024278
4696327
2944991
5342227
5426180
3097980
4931251
2937161
3371775
3050568
4414740
2375567
3308242
5979245
4560978
3484222
3057195
1392092
2651333
2931197
5158047
5978714
1957246
1506194
4970524
1812904
5028851
4446639
3143615
2289090
1861808
2897069
2359747
1887274
5451348
2924343
4803519
2978297
2606907
1293914
4710921
5847032
1922966
1603153
4114596
3287778
1459318
1215222
1731602
1877488
5530220
4226788
5618321
2661755
1318127
5607849
2679475
4246001
2140556
2820530
3253499
2099071
3401746
4955475
4953321
4207785
5346882
3477037
2128273
3739969
2011306
1633815
4188808
2134410
2019297
2335231
5872506
1940196
5599448
1737030
3350749
5005506
3885065
1059977
2278913
1868709
2037029
5205221
5085812
3000017
5423447
1684985
1891856
4225241
5753033
1578489
2910845
5542285
2785863
3609087
4517604
3493218
4840239
1964578
2926582
1125191
3902886
4224665
1035867
5286320
5921388
1798408
5435493
5040900
2469713
4857829
3964903
3024508
5604577
3090476
5192102
2502834
2427590
1391093
1242207
4592051
3180559
1901596
2370235
2446991
1344734
2213944
3015706
4799361
2748253
4029145
2607217
4925610
4581052
4501352
1612376
2811474
1268801
4761803
1777059
4209987
2843358
2315449
1412534
4694003
2408499
1432459
5782344
5337888
4390927
6019452
1005792
3939548
2267111
4339951
5283296
1255780
4913139
3885325
3349073
3775323
2275469
1045251
5355841
1452472
3625745
2200907
3417780
3227745
1193203
2583009
4555388
2419502
2880600
5747064
4139899
4529973
5114792
3202559
4536472
4118141
5032528
4089369
3288620
5158932
3308453
1789309
1669287
1726028
4455334
5306522
1218968
1097590
1802106
3930991
3660636
5757144
1881388
5342288
4936744
2323755
2993403
1513572
5883208
2234070
3729896
4198180
1515568
5294479
1446401
5588611
1815130
1266875
3533462
3840432
2951127
5752330
1191667
3335059
3442215
1946239
4835489
2575955
1912798
1495790
4282352
1831090
4940388
1597883
2560990
1114287
3632951
4227149
2182467
3512515
3033271
5907864
4331412
4568872
1353618
4457881
6022243
3722052
3928492
1653207
4717281
2920189
5328562
1838948
1617724
3225535
1224077
1945372
4016936
5633170
2663022
4880876
4017678
5468384
1578310
4633163
3771637
3607470
4381736
2167208
3757226
4464548
3349978
5077170
3013192
2459783
5297422
3203627
1236963
2740093
5816037
1220431
5259927
3528960
1476610
1691833
2027695
3661486
1732177
5188658
5595129
3105471
3700408
4770580
2714454
3392257
5301396
2493555
2227104
5681034
3719964
5730341
5627388
3371254
2645419
5842401
5052607
5721280
3047305
3642401
2606438
2428484
4636340
4197700
4573625
5057587
2557417
2048894
5525663
2002919
5464902
4175027
1398840
4350399
3712057
3168235
2249794
4103993
5879193
4470847
4899449
1089727
2084232
1128895
4975340
1357525
2785143
4636439
1922940
5873393
3830453
5663615
3863397
5534949
1347015
2998595
2961800
5611109
1684228
2323392
5148664
2087456
1652827
5204463
5738768
4283681
5253923
3050457
2775543
2074801
2833846
3385369
3955593
2470727
1480326
2865010
2153212
5043542
4867555
2919067
5434332
2463010
5136828
3113796
5580277
1714092
1460940
2402952
4545209
4806437
2813374
1377722
5028202
2882303
1886039
3158783
2387087
5127885
2414229
1772477
5695999
1053415
4079122
5877865
4798081
5272261
2447364
2496719
2064117
4440150
4116899
2848017
3884602
3257665
2380299
3959943
3336538
4265171
4822589
1716771
5485460
5095991
1407007
4152267
4444641
2750315
4225346
2856826
4246373
2902917
3679544
2237299
5236874
2779206
4825708
1221964
5581363
1406381
3691059
2278812
4899672
3608277
1747767
3756205
2450431
4724912
2683936
5212510
3353843
4887052
1873276
1599553
5660868
3334400
4814541
4848725
5816257
5966081
1300363
2308791
5621800
2581108
3187813
2873594
3487526
3291414
2047198
1997480
4635579
4582865
5132488
1578771
2342459
2156619
5505706
5103076
5577866
3158966
2920100
2356306
1561849
2550895
4711635
1856594
4279904
4601421
5896437
3667108
1566596
2779101
1096074
3656873
3601717
1042616
2861277
2297349
3692689
4051479
1368800
5181773
3817757
4870825
4235563
4336731
5145393
1462077
2278747
4595461
5407146
1075327
4434582
4597988
3047364
3921673
5799658
3912960
4806585
1204799
1182886
4510110
1820420
4940809
1254655
4385397
2225770
5279673
5558757
3962295
4696676
4795667
2559501
5347299
2692565
1205505
2045391
2928824
1452334
5652977
5654872
3638441
3398650
3670142
2966092
3728906
1267354
5157579
3612463
1892425
2307567
4582322
2942593
3354143
2128818
4370778
4046049
3648509
4156588
4364118
3128898
2683446
1637096
3799739
1631037
4759036
3683627
4407783
4305091
2970040
4488056
2306017
2344663
1414511
2667036
4493935
5867179
2345930
5287322
2912043
5817672
4777510
4760099
1610707
5219964
3985046
2311960
1534718
5904130
1482767
2415903
1728464
3499723
5370419
5839606
3321819
5565491
1505872
1804890
2067998
1182489
4805038
4090125
1268118
1481704
1030538
2939158
4343946
3858035
1417188
5338246
3249768
5302361
2930657
2017149
3376643
5243921
1988663
4034075
2906361
2142238
2286480
3673695
4001709
5066754
1936350
5752772
1147264
2344495
1999935
3844060
4896567
3626133
2778248
1013655
4888354
3665317
1860047
1699637
1937426
3846611
5666368
2603235
3035690
4700923
1350877
5554649
3901817
5080883
4606325
4066815
1945894
1277056
2180826
3770827
1457418
1781301
2100552
5579249
4274605
5014495
2866635
4203975
5439527
2349259
5951864
2788920
2439117
5684111
4971641
5278681
3019396
3085543
3878696
1050985
2371800
3156056
1367805
5252334
3491352
1237457
5499867
2443529
3112429
5125672
1245875
3404040
4353517
3335963
3681779
3042612
5924785
2486114
3776984
4866625
3899090
5784266
2484683
3563266
4016422
5960773
4239339
2816876
5112608
2999900
2399964
5994250
1203997
3788395
5983891
3406679
4310156
5444213
1061856
1954286
5230445
5033482
2609920
4962426
1023393
3375853
2376662
5500211
4386525
1946794
2602193
3355867
5597073
1104562
2291611
5339563
1668815
3165470
1318149
2368120
5542599
3806105
1816457
1778867
2217223
3265959
3859478
2531756
2078495
1737403
5242117
4795009
5676050
4567190
1508343
1236202
2881315
2501911
5830608
1022184
1087974
3538956
4385517
4583691
3376206
1765879
5956832
3950609
2369662
4049787
3399728
4048101
2690478
1707321
2212459
2202078
2355058
4709610
5884728
2706507
4341981
3359169
4696916
3649089
1731389
5337764
2902411
5700976
3846836
4805349
1221813
3912491
5904690
4291745
4421900
1401540
5760932
5945450
2016458
5361533
2854941
3788939
2971901
2965012
1561907
3545439
4602877
4791741
4088940
5490210
2781015
2606169
1310623
1683469
2016823
2911396
2836955
4974732
2144347
3877017
2035139
2150733
5740821
3378692
4527929
5260343
5198465
5023058
3800833
4581076
3492725
2650658
5334471
4646126
2489363
5715048
4845951
4609638
4746580
3457337
1931322
4412490
3199964
1666378
5779042
3415301
2760200
3014237
1925341
2708972
4688007
5799055
2163806
5084534
5325116
2120003
1755215
3847363
5554535
4836270
5776606
4879541
2696667
2522618
3399674
4749825
1287557
2352601
4429542
5062104
4984330
1268672
5456772
3769995
2324247
3750052
1152971
3445220
2502350
3278958
5097471
3929434
4266228
3073448
3354752
4662589
1791500
3735105
5261584
1361422
2777109
5241114
5219566
5405968
3272637
5568455
3527658
5293733
3609147
4145571
3517050
1626687
4796719
4475280
2489917
5659180
3506302
4872294
3256427
5702106
5185269
6003095
4545159
5291027
1416945
5808027
5196150
4681180
5292876
3626087
3242825
5757328
1840651
2296575
2466295
4440745
5574985
5685978
4558198
4962525
4848394
4819322
2336593
2527440
2434577
4294620
2443710
3668534
5634250
4612558
5774342
3377315
3650878
2380923
4742227
5409621
4527916
1424357
2038412
1895301
1439077
2849843
4155781
1641392
3998994
1273810
4387607
3567955
2958285
4310101
3863963
1416393
1147445
3812217
3270130
5928954
1915193
1127017
3701451
5169939
4351862
3159493
4545531
1594851
2095254
2483239
4699279
1277496
4842115
3081128
3058864
1068839
3648980
4252654
2355918
3830377
5481060
1306638
3291648
1708659
5504892
5584127
5669300
1999563
5838520
1832597
2854691
3957238
1507507
1555010
1199968
1095276
1619139
1323520
3655762
5016874
1442647
5123387
5305804
2122016
4258488
3651416
3631204
3733354
5944091
3023199
3114656
2617116
1629163
2309214
5812580
3351445
3922379
4371951
1208537
4522240
5503321
1427204
4281203
3738412
5238331
3970967
5734467
2956360
5784493
1379939
4018733
4675404
2767315
4490132
3514855
4536175
2634697
2607415
4470435
4625834
3746425
2527105
2492067
5544221
1558123
4168680
1598375
3978965
3857463
3674700
4326907
2262069
1574086
4624941
2915265
3716684
4612870
1316883
4861925
2138145
4626440
3597395
2318001
4687002
1674638
4062138
2054679
1862177
4371217
5138139
2191518
4122668
3919609
3459471
4124604
4626011
2857623
2096920
3063964
4534487
1561378
4648814
5517078
5784614
1719521
1108382
1853679
4166213
4798168
2585438
3746474
1111145
1095405
4800436
3344244
3786083
2057166
5434587
4536901
5913779
4409672
2567136
1690659
3205508
1080342
3472691
5256829
4295545
4746122
2454122
3452969
4515137
4831173
1997548
4140435
2253688
4274113
1144744
1980270
2624890
3100282
2793569
3022121
1787664
3769258
3006266
3619232
5446689
2439708
6013407
3365232
1444375
3509005
5460900
4714593
2093974
5882711
2004296
1413914
2078619
4669072
3099050
3367393
1055517
2646469
1117259
2760385
4364732
3834960
2380571
3477718
5044700
4890933
5360140
1184401
1429534
1266011
5442351
2983762
1364402
4279184
1024822
4181915
5829952
2355276
4682811
3030497
5238439
2208632
1855304
2911431
4035550
2666773
4389838
1714434
4079426
4503629
2414631
4486800
2955522
4654493
5205532
4892924
4547381
5821227
5624524
3971378
5599511
1772116
3876220
3597801
5974924
3801282
1670616
1211946
3400392
3291801
3890207
5367819
4396510
2159478
1795327
2583595
4778676
1231607
2950586
3224686
3768425
5275075
4661732
2732484
4325084
3375410
4743078
3708614
2373495
2850446
3719337
3756124
3534730
4527306
5499950
2775878
3388831
1143820
3669097
3063781
4877179
2276409
1986290
5897086
5270777
2847487
2621581
2374322
3511020
3012352
4005898
1199042
2951106
1603817
4870867
3406354
4565105
4084921
1074549
3424479
5688649
5413461
1625996
5332007
3062922
2489770
4683499
2912749
5893731
1410486
1132270
4338332
2659539
1680334
3696957
4892716
3514477
5115685
5939681
3682632
2751108
1694845
5618225
3040421
5167173
5655459
5432983
5917220
1426915
4118817
1493472
4916109
4502291
3217975
1738192
3448174
1528679
3142001
3175135
1180451
3608935
2978069
4027847
2727335
2270046
2853751
5467202
3873359
3114992
1202120
1376050
2024203
4281234
4224864
5403740
3285442
1760648
5178918
3318170
3910108
4895335
5029564
5951282
5135496
2609421
5419500
2281321
1935131
4655020
5490245
5996886
2158710
3351476
3365388
5708543
4447450
4589339
4579283
2005491
1838023
3645757
1934872
3609091
3196749
1650272
4940108
5714897
1058723
5046009
1778209
4581842
1524342
1886426
2746037
4282606
3612969
4383112
1238501
1356619
3762355
1575286
4563679
4746714
1948454
2568520
5860874
5535856
5105913
1872098
5695673
4419290
4008426
5577567
2709121
2551319
1089426
1548235
5661113
1237054
2638009
4672337
1799180
5954447
4297912
5510564
5137154
4263649
3925966
2109367
4968145
2125831
2252547
3017074
3662560
3558998
1895367
1101818
2349928
5042412
2952671
4013761
1539689
5321109
2668895
1587734
1261733
5765678
5438945
5438653
3781839
2652765
4656086
2774075
2783536
1692140
3824865
2399515
4124374
1823246
2165200
5038193
2702266
2794689
4327396
3137914
2167163
5362136
2260489
4773597
3182602
3642062
3035619
3200903
3735601
1802312
3776001
1409931
2637122
4294696
5190288
1669962
2190822
4714253
2301561
4483107
3384753
4661508
1667482
4281129
4667701
1293613
1609916
4077630
4248192
2267602
5364770
3438516
4346256
1335847
6002364
1214060
3322432
2760906
2490403
4119684
1945146
4361463
1107303
5556271
5746709
4171133
1206852
3685781
4116283
2107500
1467838
4457198
3619736
1431729
5891958
4824324
5519141
1407742
1058088
2728905
3307239
1067276
2482905
4918696
4813095
5327526
4778860
4414757
3432693
1186779
2563716
1371984
3158377
2254656
2067880
3623798
1221689
2132481
3287201
1985824
4700547
3190291
5463098
1721643
1642344
3942991
2117779
3150830
4219363
5403802
2217901
4969669
4214514
4769394
4390359
3681030
2529920
3765326
2943598
5987166
5583536
3323611
2511956
1722669
5349726
4828352
3886650
1008375
1078494
5161835
3233711
5398116
4098825
3911321
3743185
5374289
5350408
3701977
5393229
3906633
5916711
1589203
2657076
1506365
5970182
3454148
1613149
4263190
5873463
2881379
5381322
1687599
3029461
5490116
3794807
1204394
2601887
3737084
1722793
4766958
4575926
1132456
5696152
4035056
5174845
1368872
3308547
3162228
5565073
3009687
3345834
3522936
5752610
3186630
2366613
5302542
2569223
3861948
2096315
3223531
3470399
5376116
4636824
3129299
2631295
1681176
5253339
2789903
3069836
4644342
1199505
4954786
1009728
5883448
5245812
1205586
1216985
3624845
4709543
5551634
3962849
2305789
2245495
2490239
2880763
3326630
4575764
4197598
2378612
5895772
1935822
3994171
1419406
5311635
1126602
3501804
2803712
5114372
5467456
5402964
5636630
4865994
2045037
4446040
1415958
1429288
5276001
4256431
3650916
1136686
5983024
3095408
5202958
5229249
5436631
4613451
5076936
3373485
4777686
5220630
1628114
3465169
2423862
2294932
3380505
2534134
1171585
1901619
4700017
4212939
1182839
4852992
2996061
1661663
2771425
1539531
2858104
3548852
3706307
2829899
5116483
1191304
2108838
1318828
1168433
5426605
4636609
1502601
5968598
1026826
3097037
1774860
1435494
1844308
5232485
4794130
2761648
5518934
4388277
2044804
3597508
3443735
4043274
4197038
4657834
2697814
5023947
1173337
1979542
5624926
2065409
1485000
5087791
4665884
2612268
1852042
2959382
4852224
1288268
4251240
1983741
4761520
2041238
5950125
3877533
5564146
2174733
3040439
3344388
1281431
2777706
4263303
4152803
3046765
2972654
3148421
4570962
2322295
4942264
2308745
4264304
4215700
3449097
1650054
1848787
4197067
2403551
3070021
2434539
3558579
3148477
2860271
5981701
2741584
5295069
6020471
2930397
1670220
3155464
2923555
2826197
5529633
4407201
3648839
4250057
2575698
3631122
1694441
2390170
5881659
3627805
4242415
3197559
2624906
1389256
4848323
1884391
2448434
3951634
3350866
3783866
1570930
3210510
4725654
3480354
2929419
4509837
2288823
3661817
5675241
4621190
1383330
4019915
5988587
5549327
5488442
1158515
2317199
4339423
1751364
4260788
4468784
5129059
2813172
3063582
3691593
4314543
4599756
5216580
1646300
2464483
2036636
4970096
4542675
5142448
2824231
2256032
3205689
2734826
5997034
2586259
5077573
3690704
4605653
3887366
4811647
4730066
5025820
1421018
5316853
5312231
5544708
3130995
5655700
3415723
1884583
1613518
5480151
1151310
4023805
2576967
2166341
1101023
5700300
5772894
1084213
4970103
2461000
5220369
4306026
4042310
2019921
5152751
4075890
2006180
2391748
3962128
2005922
4674102
2043337
3117818
3218986
1650752
4348728
5496910
3152667
4901672
2573287
5044123
5921226
2372901
3310685
2821275
5658930
4353169
2324952
3753127
1626860
5701884
2354744
4438377
4318842
2861403
4665816
3990071
2478628
3021262
2631480
1940617
1907674
2327007
2360587
2368211
1046084
5390286
4549020
2178380
4051097
3915688
4033469
4823736
4188039
1705438
5635993
3892239
6018171
2005051
2991216
5568733
3199120
2174720
3527994
4154826
2230379
1420310
3698289
3625255
1270003
3019177
5469193
1422781
4790870
4937704
4492582
2365760
1612175
4099452
4719992
1280238
4584945
3631300
4520617
1162127
4908509
4866601
4090804
2398618
3923602
3718212
3071794
5342847
1487892
3032405
1670629
4697445
1402932
4110313
1917090
1485585
4881625
3026166
3208226
1906383
5378652
3315304
4324569
4649835
4386695
4371734
5923022
3130822
1851319
3797552
3317119
3983743
5450548
2989682
1238039
4298253
5040435
3544617
1924457
4206254
2413915
3135511
1091317
5873773
4467505
4501068
1211740
2804722
3950421
5244031
2663255
2685985
1530635
4272410
3535445
2513393
5420293
2169556
5232373
2494994
3821153
2935421
3188932
4615606
3347004
2795168
2149694
2778529
4262055
2186031
2507094
5487278
3860155
5029577
4585325
5374143
5104390
4168906
2852291
2561788
5448855
5403124
1225189
2541145
1035341
3320711
1545571
3774430
2002679
2950628
4320306
5558356
5489505
2450236
1509400
2041072
5016636
5796664
2640939
4617537
5779929
2409652
3611752
1205330
1886111
2051530
2368159
4193201
1986700
4026565
3326215
5155249
1619787
5083222
5548176
2254703
4742612
2899687
1322107
3141390
4268392
3018955
5894210
1229072
3537514
4218011
2967984
5717071
1080618
3662630
2918640
5873823
5318483
2670476
3470051
1864492
2244577
4763395
1467781
1156674
5030032
3908307
3746145
4935601
5427379
3741518
5183729
2829162
2196593
2482763
3000852
4186739
1313079
2902227
5556641
3259670
2489768
1615991
4076867
5000750
1021665
1634822
5471026
4412788
2413441
4755092
4832618
5636294
5096006
3457719
4886279
4786675
4332718
5044941
1917340
5132118
3243604
5692829
2800922
6001558
4970241
5284179
4834101
2396894
2669763
4679227
1935968
4028700
2823362
4506819
2430057
3922153
1050137
1053186
4101262
4216484
1278358
2626394
1455831
6023825
5284496
2070378
2180479
3264775
2900799
4229368
1254758
2275870
4417414
2519243
1178602
5939711
3023082
5288874
3554687
1704578
4535206
1319266
5487977
3504305
2467320
1424141
2994170
2106674
2270236
5451815
2146276
2350786
3497169
5448044
4519704
4287761
3672137
5962000
4565466
4006128
4201698
4397234
4271127
2053681
2550399
1339669
4524237
5970995
3259135
2101606
2146855
4380032
5175293
1562028
4444419
2516863
3492611
1774042
5841076
4553445
3922573
2923309
4694801
1937043
5905710
3964513
3721360
4295156
3728927
4877462
3740970
3598401
5015396
5534595
3652519
5151457
2593835
3224101
4437884
5383027
5974307
1575205
5254467
2977666
3758040
2085923
5740886
4095437
4298020
3057962
4560581
2044936
3353942
4443365
4687126
4338768
4240413
1556738
3060042
1580902
5064573
1771980
2121477
1840821
1342711
5438135
3848755
4211442
2664956
5462287
5907037
3058762
1994902
4897994
3675690
2783216
4805846
1703272
4147253
2145147
5194897
5212528
1160419
3092433
5314456
3989361
3664202
1401661
1614202
1027548
2927282
2172639
1852166
3656020
1136961
2087981
3974464
4555700
4278109
3195712
1922803
3030249
2152579
2180625
2222792
5175217
2006552
2580920
5676475
1189656
1251730
2328901
2536723
5514057
3182706
3766489
4709349
5400328
2887140
5893841
5164886
4838389
4158042
5164279
1117300
5522774
3172352
3645853
2040388
4598220
3478245
5852558
1822380
4767595
1155416
3290930
2203409
4917173
1027743
5729573
1288524
1529822
1374597
2567410
3787335
5993291
4417133
1686036
4404762
5563459
1369727
2226282
1996143
1284983
5713336
2350536
2139038
1338499
1056991
2171056
1242687
4263345
4420895
3657642
4513847
3727419
2100251
4630580
5714610
4796003
4244104
3528659
5194995
3993358
5547196
5319494
3839290
2505531
2002743
5715321
2034114
1931442
4380464
2993841
1729012
3470837
2681857
4700343
5758081
4900890
4218863
1931059
3839349
1457929
4273781
1431859
1183915
1696672
2771360
1865443
3926105
4211360
4159640
4325107
5304243
5615799
1454572
4563096
5860842
3245748
3776388
1352209
4074192
3904743
5851711
4128975
3389861
1310666
2894563
1536706
2935141
4052463
5197311
1427324
1019379
5267508
3379644
5871163
3875103
4740195
3874785
3397521
5734926
3154719
3143152
5726963
5812005
3475752
5699660
5017417
2993575
2764501
3608212
3477493
3738889
5952738
3865667
2659564
1262090
3967081
2961439
5139435
5619651
1664174
4374708
1977461
1905489
5743487
2567155
2897337
5965977
3284938
3917011
5222977
5186388
1700799
1604264
6015658
3325948
3969845
5827041
4072669
3785644
1295499
2396426
1331875
2171080
4549253
3206168
1217381
3359615
5711886
3770786
1986603
4079098
5364698
5162230
5672820
1993111
1882784
2234718
1498067
5923674
2615723
1027413
1622224
5983256
1523996
4672209
4196590
2471997
5641014
2690768
2286071
4288138
1603075
5459967
3054271
2322631
3620731
2826444
1696579
3147029
3896561
5266925
4164141
5133212
3649416
1402944
4735869
5318639
2686512
5967503
3700881
3119830
3831601
1406587
4614460
1606692
3809558
5208886
1754478
2582292
3666671
4677220
5252126
1662277
1199074
3539386
5434847
2375580
2042212
4447872
4376785
3030972
4516854
4150220
1911087
4772923
4310770
2658892
4725848
3054831
1272913
2779358
1950711
2767075
5962398
2509589
2398155
2159319
5964570
2321329
3970864
3120320
1473057
5081055
4981387
2237429
3095541
4753115
3705671
2688274
2271838
2711416
1089336
4528142
3812930
2176432
2670829
2707929
3936168
4653988
2681928
4008005
4455877
5602767
3271832
5576242
5879065
4853332
1499623
2951130
2137337
4676891
5717354
5025113
3635551
1682531
1739877
2737031
3193078
1747527
2132574
5621308
1851251
4842140
3807268
1672213
2174223
3768241
4824389
1126580
2977499
4629532
5313828
5585255
5861439
5680863
1306844
2214663
2091708
3053543
1900108
5002881
3454723
2363684
1562297
5819306
3766231
5982546
5113984
3916990
2254320
2813100
6006947
3773591
5777091
2196071
4906552
2579038
4667962
1839255
2354617
2511898
5771224
1616148
3023917
4354778
4903219
3825218
4482619
1292422
2257576
2469660
3496333
2523278
1880357
2032290
4367766
5073330
4130893
5500998
5698012
4128615
1804949
2592548
3333320
3151218
4079788
2538409
4564093
5850420
1617550
1270120
4502315
2255465
3742117
5589111
4876507
5980617
4007570
2958706
5285797
5685410
4139353
5496894
5273199
4476224
4867004
5863754
1298380
3305443
4881494
4299207
5089985
3709402
1461863
2568151
2495320
4812690
1602976
2704958
2703130
5262372
3451371
2850292
1523848
3989043
2145801
2058948
1556836
4914913
5537650
4182380
3249587
5852911
1589996
5754845
3044864
1161519
5303738
4279498
1727967
1911414
4791138
2606682
2173347
4169664
1485280
2062637
5934629
5539830
2042853
3613893
3175419
1059222
6004863
5093783
4465879
5072103
2309273
2939489
6022563
3115880
1393297
5448506
4403272
5612261
5689441
4172873
4595181
2914983
4584259
4048326
1624341
4524311
5960668
2298199
3003959
3999718
3360132
2642303
1698959
1846321
4030436
2850587
2604716
4139209
2735790
3520315
3916593
1083682
3938645
1840913
3880807
1919377
4669957
2970591
5151112
3348337
2939665
1094912
5486606
4326018
1055346
1620589
3723922
1721989
4656792
3253253
3780411
5520142
3041042
5700098
4299512
5394495
4517558
3425465
2436431
6022092
4837638
3806479
2204617
3891036
2801422
1795550
1943173
5143280
3511631
4202244
4649550
5687780
5276835
5656188
1471641
3910388
5136834
4448016
2290781
3823828
3557413
5853964
4295737
1914247
1333947
4013505
1990503
5483308
2846281
1134204
1945259
4025801
5685469
1430286
2441349
5256618
4183964
5116230
1236216
5569940
4445782
3408599
3279669
2100435
1091894
2162789
5286819
4923301
1981840
2142173
5122173
5058941
2660443
1136079
5849675
5968038
2998680
5755143
4252962
4146083
3568258
1562977
4940634
1968633
1460663
1846681
5991200
1966928
2053571
1563794
4848234
4699560
4236082
2520748
4747760
1629029
5869150
3349782
2906481
3868701
4476440
3266929
1088331
3241849
2119215
2229232
4260444
3357167
5502037
1994809
5887917
1079885
2288296
5691852
3128665
4073705
4054367
5437553
4587697
4401025
1250572
4269383
3513868
2434761
1814897
2443362
5149638
2689376
2958513
2112502
2786899
5799339
5051740
4634988
1434533
4763950
2463368
1513926
3934752
4481526
1561640
2000494
1946960
2532310
5473429
5341108
5137146
5103874
4480952
2420932
3133842
5733760
2436710
5935212
3453287
1378148
5764010
2385552
5498723
2102443
1315170
5055566
4221067
2146962
4523626
4556982
2756976
5830191
5242434
4222871
5003454
1395925
2952757
3796855
4946990
5829815
1076343
4777534
5009651
3669060
5553236
4783816
3545252
4115951
5836365
2074069
4156405
5616056
3493857
2690650
4457022
4268539
5931003
5256884
1946410
5289884
2159411
5827839
3908784
4402138
5807915
1636674
3190168
4499650
3286218
4172548
2938072
4041565
3386830
1892798
2559706
1642138
2050488
2146622
3714455
3052593
5506445
4773328
2623692
1547018
4066463
3648144
2186138
2161079
5024558
5754923
1504003
1644597
3431425
2993604
5145945
3936971
3101926
5327870
3019502
2651359
1191494
2107743
3359892
2271104
1658303
1527867
3153214
3698396
2192766
2073409
1226273
5385883
5731893
5316837
3401036
5070177
2807070
2311868
4828522
4263578
2196694
4104921
3243193
3951968
3711598
5680272
4019484
2509425
4725195
3301218
2586706
1320118
1084267
5866313
2088813
2207452
4579582
2402463
3604376
4059275
1169311
2855533
3309821
3297129
3990865
3121763
2882029
5246096
4719272
4464981
2392859
2106494
4987284
1208553
1182796
2795824
4203241
1410836
4207294
1725022
5261054
2453123
4010164
4816184
4553618
2595380
4896005
5875242
1266791
2022655
2090840
5136783
5773947
2258984
3539722
2503651
1150180
5859836
5413345
1146207
5640490
5561744
3030174
3636755
4568477
5301568
4532218
4230844
5309157
3077737
3369344
4876338
5224203
4059995
3455871
2505964
2296997
1447236
2531331
3480932
2169098
5456854
4675485
1905163
1414400
2859428
1892456
2128265
3945534
2556617
2296723
1871105
3681519
1302315
5753346
5879671
1116036
4195432
3760151
2170287
4619654
4705409
4724566
1887735
5251394
4345365
2293151
5099200
5814250
2528407
1414257
3232733
1195972
2498394
1140608
5943716
2743506
2354368
2712544
3435970
1918037
5583309
5254309
6016396
2917689
4866745
1766802
5158958
3256222
1421096
5020626
5586118
1622537
1877856
2614751
2818362
1064407
3023057
1951667
6021089
4385555
3987720
3697218
2009891
3212394
2750450
4337115
3173797
1770206
3214724
5807709
2813884
1707000
5383014
5713432
1508165
3715237
4779425
5461839
3670460
4787419
2371654
1530742
3215280
2871339
1873340
5925047
2015865
5749534
3746830
3996736
1676918
1613915
4345822
1840016
4833781
2256443
2165186
4322870
1537722
4198993
5258650
2709844
2321515
1430298
4378033
5794197
2829283
1848703
3200637
5728389
3327557
2163311
3724635
5664957
2447017
1004128
4773720
1027712
2349426
2003157
1651185
6003511
4558875
3286317
5908799
2626366
2291855
5648365
4239571
5858580
1229343
4436314
3564745
4313475
3507673
4427119
2009173
5421329
2710652
4787580
2125542
4453488
1460520
3673426
2699575
2667225
3151262
5785798
2571601
4709099
3337760
1791152
2836332
5648564
3379312
5560710
3451347
4785182
4083885
2079126
4842610
4621821
1034881
4981282
5242092
4684398
5541060
1331105
4165365
4022982
4210037
4020903
5339148
5220223
3519411
5699357
4466117
2487098
2734293
1893447
5206326
1063140
1685166
2701340
5143495
5810735
2833115
3235296
1927460
2625069
3283674
1205811
4575561
3279564
3232554
5090515
3320437
5906636
2924585
2486299
3534317
3211328
4689064
1723268
1916094
1159298
4333305
1588641
5803105
5313966
5778284
3732314
5332780
1736232
4573083
2248856
1930812
5601651
2251155
1890320
4219023
4489657
3419711
2833521
5857537
4629286
1636502
5319011
4918161
5590849
2602671
3294233
4009382
3903350
4043810
2528098
2863901
5747393
1981475
5640866
1935447
4594677
3383842
4109053
1996752
4679344
2292352
2512855
1179817
1823636
3894174
5546925
2028457
2668030
5950446
5575327
2764952
1306431
3966859
2808918
4529385
4786089
3102905
3032450
2445103
4325016
5720182
5827266
2485761
3144048
4738159
5881802
4203442
3832952
3146867
3687972
4259148
4933033
3326627
2853247
2356652
2274324
5295648
1452417
3696299
2484394
5903059
4116617
4781397
4801322
5131216
1662487
4368690
5356770
3902163
6019685
2743573
1216780
1191362
2199421
2917523
1169499
1244114
1924537
4134294
1568638
2046284
2400441
4526532
5035309
1586397
1255184
4407364
2424302
5232854
3265780
1854571
4570592
3405489
4809180
3365586
4293824
3601462
4841023
5258332
2744117
2686123
2630472
4414662
2204297
3462972
3819720
1285390
3358809
3086151
3284898
2417459
4691285
2679668
1525227
1497230
4753929
1840980
2608012
4234178
3490174
3773741
3114541
2900486
5999226
5485390
4349664
2092520
2647330
5636688
5221517
2074579
5860091
4156007
5841707
6010332
3029472
1241605
2794451
1859432
2062574
3724210
5314888
4398181
4121494
2899388
4741652
3567989
4944326
4065750
2565872
3857751
5309717
5949627
1228387
3656806
4409790
2716589
1385647
5826260
4944288
2297809
4670839
5512264
2524435
3382575
2061272
5262599
3130897
4107757
2523856
4554063
5450743
1016346
5728393
5426972
2199443
1511251
5095684
4849122
3657255
1383275
5548705
2960744
3723277
2885154
5299975
5742707
3090884
2615469
4268937
3331902
3155959
1303934
5404725
4038728
4296041
4104278
3615227
1794019
4255024
1018324
4459063
3176544
4044657
2234720
3955401
3613527
5440723
5488284
5492454
3271791
2422656
4401897
1448389
5085974
2504674
4862904
3376545
3643108
4232401
2987199
1598381
3435219
5200949
5584607
5916238
1734337
1452759
2355245
1899213
3358080
2745478
1074971
4320970
3486496
5383558
1091773
5856474
1313569
4667168
1179611
2943539
4777326
3927990
4578841
3369768
5926262
5510586
5585078
1768741
6014392
1493181
2378319
4739837
3479991
2542449
5365839
3337441
2858488
1204203
3872319
3140065
4950162
1769440
3039313
5301177
3542863
2497785
5036463
4055113
6010206
3140802
1147403
5911561
4432502
2712380
4012798
1794660
1829379
6015312
3656589
2752510
1636362
1715142
2125556
5612699
3801747
3681633
1271918
4066629
1656227
3202690
5903944
5305650
6013109
2326409
5729450
1489841
1868225
5134678
2259499
5447901
3807152
3739538
3186877
4446142
5616123
3442665
3158267
1941654
4516846
5565647
2520404
4495521
2635281
5422907
1972115
4542845
3488188
4132818
5456512
4960931
1915757
3455008
3738848
3651093
5008000
2602563
5107769
4834460
4592911
1543882
1421806
5634960
1618015
2304412
3370516
5194080
5702055
3757984
2733493
4962730
2699403
1049447
1048666
3545287
5371960
2601036
2605448
4901661
5719544
4911485
5874330
3897951
2194344
4074305
1116151
1782343
3029029
1841623
3907025
2751809
4392191
3009761
3071895
4015434
2118305
3803271
1638406
4064925
2123994
2612413
4381038
4982405
4649179
3962152
4111101
1525156
5695070
5304696
2089633
5528531
1044221
5339507
1390937
2036395
4962463
1292605
4833147
4048510
2312242
5716992
5939923
4745152
5110541
3740577
5368419
2377001
1671342
2366121
3328990
3550082
1753449
1142890
5130692
3396239
4363409
2441577
3226640
2087777
4373530
3042497
1524161
4639169
5083600
1773857
2871225
2878910
5629143
1806168
5658927
4104368
4342449
3732878
4099868
4684495
4244283
5987953
4404509
3148573
2717362
2511400
1272310
2925347
5659332
1963680
5343537
2919496
2400547
2868687
4657061
4118203
3071298
4965174
5981918
5540149
1506226
2172686
2295538
4921712
3929575
4145778
2705481
2587869
1387551
4095810
5488990
1370287
4485726
3779747
4512674
3403856
4985596
5069363
5484243
1292820
1834536
3692316
3393225
2871966
5337311
2629958
4362949
2800766
3899366
2134338
2297306
1238197
4354398
3520861
2693574
2927597
5269013
1085217
4346828
4512826
2950013
1468631
3125604
1729109
2913439
1304275
1922711
2235777
1014015
val_subjects
1664249
3813545
2384250
3311534
1261578
2003984
3237108
2442795
5941419
4722494
4720229
3739419
3297394
4274753
3327693
3232630
5070858
4572924
5812706
2737917
5172166
2242756
2796902
5922344
1316755
5862119
3295049
3185784
2162968
2250934
3239570
3918432
1462220
5623149
3709915
5976378
4448554
4562669
1938494
4016770
4181377
5918408
3049790
3256171
3354710
2282092
4384417
5907107
2152594
5775871
5395385
3716773
4676834
1992683
5431280
3148756
4962574
1605770
4738492
4971706
3317144
5913870
5733810
4636855
3898641
4487677
1370872
1887607
1906229
4413660
5240140
2933381
5133027
5081151
4692951
2589693
3266025
5054347
3617052
5549290
1153475
1428613
1468456
2117715
1130022
2082959
1234156
1798112
3261348
1087240
5851130
5753268
2538230
4795255
4228487
5159392
2992254
5625355
3396030
2628001
5656982
5874013
2196705
6010737
2509456
1545130
5462276
1917506
1706218
2622690
3905218
4719844
3124285
1910529
3113002
4080806
5283857
5393657
1614932
3746705
5097929
3176014
4538926
5417411
5761407
3991247
2103336
1254147
3409592
3514323
4303771
2406294
4925598
6022757
4812416
1187182
2869322
1958253
3557589
4069523
2518087
3541355
3431865
2362565
3810202
3036054
5682777
3764065
5405042
2952027
4123904
3384650
3170133
1300460
4722482
1062500
4484289
4790434
2470580
3409767
3885399
1142415
1486097
2742197
5250235
6017202
2218622
3211070
1982371
1794836
3188926
2716615
5315086
4605220
3389331
1711656
3655938
2042189
4018812
3518022
5626434
3563387
1152836
4905723
2636000
1241698
2292303
1003982
1744641
5389319
2311935
5739791
2854897
4649140
1153749
3919971
4360191
2340829
3304801
3217229
3430925
3891966
4880321
5523407
4433818
3308520
4200356
2448239
4373102
3760810
5546864
3385163
1614096
5697890
2672789
3991077
1808140
1383459
1451405
4858048
2692379
2988902
5259529
1287594
2848908
5497940
4394815
4055804
5113038
4265465
2186591
5818103
1503344
2283867
5784175
3367109
2396641
5746982
4716428
3403582
1385935
2090204
4394653
5569106
5591580
5869415
3684121
3484368
4761495
3394062
3926248
2823656
4291906
5955274
3418839
4349917
5359106
3289091
3746335
5645582
4498022
3331505
5745512
4060985
2544767
4519369
2252402
2462618
3919234
4792067
5558469
3404643
1747019
4661120
1776009
2565450
1027354
3771432
4464383
1234142
1133628
2287699
4074402
3343928
5143441
2123834
5761574
5643942
1718631
5314480
1964448
1182805
5932990
2746925
5846180
3110220
3332552
2980220
5039246
3341759
4219446
3779733
5998020
2866026
1716037
4376546
2788394
4816276
1790762
4891970
2900450
5601733
2554453
5565172
3177306
5910733
3489190
3492697
2189048
2246710
4766499
4074887
4556267
1990214
5080610
5749265
4535066
4057790
2516009
2382684
5583589
1332005
5600288
2801174
5686686
5186669
1857303
4793517
1270912
5825236
3077768
4267265
2391056
1990409
4387797
5887082
4021590
3346320
1478192
5614337
1879929
2915650
4162341
1515858
4776443
3702926
3302054
2386762
4468214
5330737
1134538
2068932
1588857
2454021
3265382
3213178
5447029
1893471
1921006
4038200
2824345
5992361
3922996
5316286
2410120
4153554
5784850
2170477
4365464
5100226
3423535
5591178
1780086
3712167
1578886
5489056
2795450
3700656
5486747
1060371
3725131
1162416
4264728
4236156
2188461
4703725
3613836
5860052
4978596
4891365
4211229
5355708
4632619
5203433
3116153
3523502
5902761
2660824
4430517
5690373
1168937
5840347
1162619
3844699
4446230
5378485
5962644
3872227
2228932
4485921
1302824
2399052
2521495
4012536
3372806
3369961
1035069
1180540
3383162
4956212
4921932
2871149
3188666
5172586
2184285
2674484
2475880
2136821
2875554
4227663
2667979
3116527
2834706
4975486
2174898
1644400
5351087
1724887
2328843
6003877
2275088
1629279
2126983
2788738
5178102
1428595
1513241
5991385
2651415
1522389
3360002
2547730
5923035
4382936
2433407
1454335
1614425
3015098
3333625
5850447
5877517
4493837
1201401
4769340
5733339
3198544
1649465
1643595
3884831
1739294
5596761
2119455
4634105
3043164
4519303
2529985
4919801
2977110
2135390
3365846
3708812
4566052
2996305
1504986
3822387
6001264
5988552
1091146
5914855
5895577
1652442
5702024
2768424
1896180
4867623
2636343
4752657
5118345
3986775
1944975
3329755
5632233
1772007
4859215
4586948
1763429
3708627
4835257
5499531
3727928
2932105
4611547
3799777
3738168
3038010
3252809
3254299
5663786
2858964
2090976
3279140
5732231
2970702
3695496
4930065
3126082
4706999
3692950
5888995
2543581
2496508
2840975
5655281
4381447
3518826
3945768
2705160
2870182
2950793
2151467
1827951
5904495
5665776
5982974
2502681
4877166
4263630
5439893
4926681
4460856
4168479
2318505
1224043
2494339
6021585
4877953
4597881
5106085
4970851
2813575
1451464
5073140
4349961
2097307
5037585
1416525
3372378
2997135
1596740
5924688
6013538
2320261
2207794
5515266
3779095
1857424
1907320
5653884
2116691
4678035
1833711
1334909
1967923
4589754
2832657
3814617
3311094
4015161
4528174
1314091
5098446
5058056
4085315
5550195
4874682
3404057
3873431
1135519
1621928
2138814
3383159
4630372
2367623
3950701
4960213
2608501
5037596
1375047
1674466
1329890
5281208
1123320
4641060
3241425
1346228
2497208
2884309
2013479
1388597
3272749
5859340
1238490
5669749
1990643
2254054
2498611
2046018
5430179
2391013
2010756
2385639
1489193
4048265
1994459
2073900
1663964
3605467
1695826
1030146
5772727
1955591
4260336
4271151
2158236
2826426
1915978
1232946
1663790
2252256
2183645
5537948
5901057
3117605
5700218
1942084
4769889
1359094
1667502
4138356
2846365
5319150
2959137
4322895
2699277
5258422
4708467
5914075
5906950
3753518
4769872
5152296
2697241
2216028
1830707
5116612
4063054
5638311
2216856
3248890
5614636
5490824
5732843
1499500
5253484
3899153
4395708
4925157
2900959
2360307
2981779
4151380
2082063
1767878
5924839
5655290
1997004
2898295
5433600
4673239
1757638
3154473
4806242
4240798
2610078
3765664
4210606
5229375
5737179
2637444
2908685
1786203
1187327
2640719
5529445
2602136
2708138
2223026
2044955
1397992
3007316
5351582
5084307
2854634
3265918
4235978
2917758
1033821
3804687
2988846
1278167
3747150
2230007
3163481
4952747
4763964
4201605
2352951
3739857
4364353
2903699
4491679
4364337
3796102
1003114
5742950
1540273
2554711
3069817
3104996
2782809
5661454
3888578
4288510
1227654
5419873
1683954
2675553
4053609
2833365
2290986
5792814
2342179
5139871
4971773
4075930
5195632
5455366
2136190
5551676
4069278
2380437
4886925
4190010
5752080
1646808
3788341
4420374
2234578
2949364
5080330
2745639
3914591
4439630
5839095
5603336
1026988
3165024
5700542
4565198
2193430
4448053
3540926
3245970
3381644
3840574
2494321
2008084
1525820
1384991
4084813
3514184
1739334
1648870
1571594
5066571
4500900
4214872
3724947
4377449
2106457
5645838
5987182
4380713
1855046
3430821
5339092
5392878
1863989
3271494
3948743
1504076
3563649
5428240
5027744
2267432
5690025
3784564
2389025
3100665
5687774
2397957
2586637
4552278
1247002
5320134
5754130
2254304
2670519
5508587
5237119
2155521
4171147
2205245
5172916
1742694
2988306
3188284
2231691
5477074
1143319
2055154
4425060
2733812
2361144
1219229
3641726
2882692
3766223
1239530
5244698
4418474
2242971
1493107
3954606
3913856
4244856
1695097
4054428
1818672
1515272
4201307
3088844
5461898
5360404
3272160
5228293
3691047
1707343
5957413
4193547
4428660
5086311
2977169
1467254
5471861
1091361
2690460
1190036
2659724
4354504
2845635
2536092
1131283
1375346
5621920
3790751
3684537
4353827
4879224
2750530
5344387
3090088
1156728
4163277
4562067
4063914
2197466
5063049
2372208
1071202
3163233
4634304
3029665
1487268
4830433
1285015
2010551
1360049
3011443
1327634
6013765
4844377
3884788
5010065
2125393
2415749
3888956
2743565
2855746
3798521
3415434
5247951
4147442
2695441
3389477
3609427
1637932
2705233
1330468
4940748
4637390
1187736
1541461
4331514
5107054
1991665
5813063
5903786
5227005
3507980
2967404
3608708
5776310
5932268
2986609
5711190
4107870
3510812
1186434
1156186
3246441
5387808
4329412
5321823
4631374
2190471
3632529
1029829
5929531
2986962
3485421
3473134
2490088
1645096
1920348
5203418
2600433
2226163
3734312
1756682
3316147
1583719
4371992
6005523
5112827
5881575
4880165
5159953
5242794
2450638
5739537
2336975
1974343
3081827
3059923
4456849
5163613
3330824
4245836
5208037
4984736
2648288
3854971
5662418
2697062
4216416
5221830
5470196
2834458
4221953
2786185
6006836
3497480
2184111
5560890
1598650
3002684
3313849
1356979
2029125
2230210
3947939
3883462
4801018
1265966
3948932
2272322
1880195
1218736
5551878
2982151
2232411
4241146
2122328
2030757
5746876
2700133
2875843
3962176
3301749
1819342
4386135
1812738
1959916
1135445
2276422
1434267
4408519
4174160
4929174
1573700
5222672
2775244
2773954
1322560
5330587
5702834
5339816
1103608
2799493
5303116
2926076
5103316
5080822
3771538
2903457
4820965
2149849
1373642
3491522
1726693
4136580
3999812
5062998
1838900
2205379
4495539
2329966
1402827
1050486
4481696
5922818
1050861
5234242
4796912
3004136
1506115
4946907
5339250
4351545
4033189
1741943
1931335
3041447
2984791
2039262
2150614
3604016
2853602
1796149
4211004
3074272
5743868
3810932
5811832
1017728
4630178
3291594
3034505
2142453
1408472
2234805
2679823
5880122
4975477
4017486
4142767
1510006
3173256
5121633
3421715
4908391
5511778
3763184
3629146
5292024
2373377
3086441
3277488
4001017
4065623
5533334
4948064
3646729
5527608
3387217
4397742
4393108
5910864
2830009
3503241
5191493
2739777
5192308
3010353
1020249
5226520
3378144
3398862
4089016
1909592
3042795
5125661
5960336
2555769
2015555
3542949
3553160
1519122
5988768
5904437
5903873
1683740
5666120
3219452
1156333
4637587
5311622
4189141
1299368
4227735
3391506
3952885
5821503
4113827
1855457
5372225
1945668
2545789
2760745
3303497
5856981
1960276
4435044
3185936
5385598
2250629
5997222
5482653
1358973
3497849
4589238
3259444
3526991
5371342
4190719
4381724
2332895
1506496
1972883
3501768
3102579
1932661
5060850
1760235
3268036
1984120
1051281
3325900
3875555
3791313
1818693
1206225
1777721
1260497
3169507
3004155
2965831
3049211
1518153
1353757
4770513
3644882
5147846
5081982
4509829
1907890
3826983
2303723
1855807
1017844
4360561
3901933
2022950
1745073
1679033
1749760
3170921
1195804
2835172
3071374
2124827
4034756
5194941
2947291
1850399
5288781
1023146
1015665
4223863
4486269
4159047
2156364
1284659
1175651
1497847
2743738
5552972
1684959
5266733
5031459
2956827
4832243
1218577
5872549
2369563
1354872
5087502
4692415
1498418
3836974
2583807
4700312
3517580
5901534
5096659
2901080
1747168
4362060
5121452
3689798
1174534
1464766
4808121
3691555
5476960
1170433
3892590
4964519
1841202
3800483
4368518
2522189
2681641
5492528
3360400
1152800
4260857
4404747
2202482
4315596
1255551
3690144
2886065
3396136
4257919
4788613
5914611
3363051
3816755
4508395
1516087
3795842
2496488
3917479
1017890
4658662
1542660
2745214
3007368
1876068
2838303
4082408
5229993
2158105
2635115
5385275
4474755
1061076
3827883
4952345
4069222
3419242
1535593
1440182
4107221
5334281
3247987
2356131
4936582
1544995
5496808
3546485
4105848
4999169
2381613
4571314
2755110
5534466
5390802
1689664
3941046
1774902
4345897
4461611
5336440
2026834
2402218
5035615
3183007
1871293
2504710
3328682
4135739
1715989
2260839
3600592
2431448
1779380
5809297
3238040
1991762
4205703
5565049
4948178
3942039
1457194
3610201
3940596
5799803
1121013
5549929
3052548
5634313
2128702
5885133
3752029
4644286
3643687
3025678
2827274
4718422
3891675
1592578
4735923
3555470
5573558
1573645
3087220
3433575
5336642
2408018
2942311
4969628
1172633
3493122
5572905
3753386
5011249
2233625
2202408
2474261
4452205
1737618
4293646
5668252
1269884
4366232
1524723
1543602
4177573
3637870
5271160
1008125
1882753
2587834
5161258
4173854
2535098
4641011
4433409
4636506
4318211
2909763
5573374
5698730
2323505
3290318
2574696
1869864
3557253
2019874
1343733
2310262
4060971
1100212
5385462
1906990
4840829
3749713
4566069
2036950
3116780
1889465
1236499
3123700
2729620
3077167
3718983
2651734
4908352
5930396
3820579
3667564
1682473
5032639
2757675
2853823
4016446
4143336
1518464
5593862
4043453
3818072
4097397
3197305
1008142
3373854
3473020
2191106
3143438
3072783
5335213
4930148
3522156
2847403
2798644
test_subjects
5052810
5313242
3514366
5950249
3727086
2064049
4139368
3867303
3852316
3744528
1806116
1465972
4239596
2389717
4246123
5732821
3176374
1400734
1140589
5369800
3188958
5777600
4445526
5101803
3124765
1068649
4009780
5943989
5383205
3184239
1333412
3071193
4165789
3719209
1420107
4147944
1155305
3263534
3564105
3785810
3346261
3966552
2175047
4878101
2545388
5990305
5358925
5927225
5827974
4766814
1118553
3671546
3682165
5224331
2708862
4333607
2474272
2431215
3304337
2834361
2699870
4963357
2701780
2300107
3723802
1249882
2348252
1889449
4185821
3484594
3199302
3369082
5015752
4936801
5198414
4762006
3731702
2228786
5444312
1884578
3114832
5377729
1983435
5752327
1809480
1205226
4186589
4576928
2513432
2155330
1349322
1627581
2783322
4055454
5535185
5685356
1508520
3403912
2697253
4564778
3389565
3064008
2938632
3079128
4443598
5923150
5832890
4278043
4398999
3335623
4191032
5860921
4355703
1758050
2069207
5598746
1515502
4939178
5532364
3642309
5250171
5550660
2840721
5790224
1211659
3600357
4921004
5085208
4836721
1496573
5573264
5124776
1152464
3106957
3978431
2089563
2429424
4032254
1698102
4290709
3567138
3050601
2511144
2047494
2916665
5661273
5726110
1982494
6007363
1485188
5137247
2679348
2412606
5981276
4789478
1205995
5602477
2108341
3651783
1467508
4235073
1615426
3514168
5688215
4860643
5452200
3433325
2723773
4680487
5961161
3194535
4306683
2374047
3788162
3646113
5438501
2317859
4357785
5623225
1724061
3808278
2550491
4194480
5153530
4525788
1733101
3291395
3095011
5446775
2001905
4468621
5221480
5046529
1303831
4058926
3400349
5297643
2048934
4184497
3762903
3150047
5148319
1797005
5624615
4220514
1581402
2235346
4974661
1645397
5923482
4845832
1991938
4619742
4120437
2943603
4949800
3848835
5017974
1978918
4139185
5962267
2883797
3725182
1236176
3421380
5313979
1829767
1539600
5859893
3716178
2727750
5279913
5343186
2965808
5127230
5996718
1423445
2080288
2632104
1854810
4201483
1772918
3503919
5602228
2681262
5609088
3222250
1979122
2863436
5069435
3482541
4033445
1137985
5692766
1550419
3072280
4772242
3184313
2538008
1122587
3827645
4956193
2420608
3264758
2983627
1599595
3552026
5410567
4120520
2000150
5855627
5718874
2897414
1298221
2380048
2630303
3354347
2480231
3636281
5828573
5571020
3400314
4399797
2459869
2191274
3529449
2567868
4493802
3293748
3313608
1312431
5045000
1470309
1411207
1651732
1197689
1970155
5392755
2497630
4642300
4406542
2699563
3058546
2898397
2884499
3662223
4734388
5673304
2716442
1880872
1068215
4443652
1582117
3253152
1300057
3377234
5555777
1290646
4310885
5812218
1147782
1763803
3120680
5162639
3642679
5149625
5268589
4069600
2589874
4493367
2220429
1451855
1880276
5144110
3058352
3929590
2538591
2738447
1706952
4462850
4455016
5009334
2881861
4672297
2022329
4301544
5827328
1059028
1641404
2521663
5327662
2106656
2625905
3247894
5564183
1578554
5054186
2527642
1126668
4214742
3883878
1715015
5406504
2770649
3039380
3207702
5797450
3304531
1180566
5309586
3739879
2076539
2853706
1129104
4625299
2946101
2213631
3604509
4908925
5067361
1882643
6018104
1627620
5750558
2658456
5372312
4142019
4318998
2013046
2797946
2599192
4860292
1455160
1658720
2385375
3802081
2796067
3210503
4680117
2957009
5270145
2655698
5018102
1824265
5293068
5786324
2960921
1314278
5519678
3771077
2179302
4541161
3300047
4856392
3054815
4274422
2991134
2726060
4215219
3488093
5001670
4649645
5991022
4934596
4519877
5507652
1297470
5113700
5574800
1196029
1524978
1023815
5168526
3737448
2672327
4147456
4152644
4521530
5152538
3896096
2753164
2352642
2170767
2558962
5372979
1347156
5782972
1073911
5929260
1350493
2964062
6004703
6004248
1360911
3255826
4668673
3438423
4665161
1592303
4315377
4026498
4984462
3040058
5877593
5720598
1776385
5980726
5969335
3931922
1919520
1051878
2758870
3090911
4339930
1162940
4193869
5445198
3051133
2481705
3074320
4089812
3771043
4418268
1940091
1281060
3707893
5911253
3171836
5379152
4393067
2015981
2136294
5204567
1679517
3261751
4463644
1390392
1793356
3457076
3765227
2328733
2223947
3384125
3709803
4338833
2241560
1374673
2613809
1492127
5517261
4429894
2254570
5241994
1666786
2847766
4324818
2939208
1674752
1301303
1532639
4646627
1018220
1241113
2277291
2008805
5988702
2674940
5653740
3758273
1620103
5526121
2836552
4133752
3518408
4977870
1339724
4615266
3856256
3852003
5389101
5590202
2458535
4974278
3872057
1893586
4366485
2510552
4910767
2030685
3852758
1815036
1205521
3959003
5819539
5864438
2364835
5649981
5856499
3569548
2980317
3400275
2383549
2788697
1340857
4648187
4130210
2277780
1608270
5196906
3110684
2477326
1275788
2222043
1765475
1909291
1489911
1322376
3141545
1607430
3898668
3868947
1977771
4098278
4119730
2488105
3147649
2922140
5497559
3812699
2874847
2065784
5529476
3983169
2294322
3926440
1733847
2434373
5918083
1004806
4393724
2181763
3652884
1164060
2860668
2145672
4627103
4269134
2837780
5797893
5078334
1017078
3200542
5092627
2087270
3878779
1432953
2370069
3429413
3356090
4376002
1988495
2981380
3716501
3929544
5994161
2036120
4940471
3332534
4785846
3237687
5339445
2163524
4186456
1604581
3460007
5419152
4349955
4854091
2739202
2687662
4879728
1552127
3505009
1669477
1920407
3216863
1760732
3023621
2180494
1057416
3024689
1506968
1281502
3622179
4037012
4944833
3265366
1494595
2203082
4501974
3341436
4084781
2492610
1469314
5333355
4446363
1917195
5148040
3260830
1774755
5868770
3014499
5262857
2660549
2712193
5573065
4652008
2104550
5210168
5793512
5042141
3222895
4240033
5025460
5327757
3167169
5093274
5369498
5190961
2331596
6017572
1074170
2325620
3026968
1035118
5570913
5103283
1172978
5953629
1413164
1563909
3453276
4568464
2103928
4972769
1561593
1602773
3385720
5180191
2195901
1271592
3877957
2659543
2379261
2726595
4076648
5236427
3792072
5452537
4233388
4875444
1602987
4063613
4435058
5089527
2310481
1950778
1665522
3683119
1484392
1606560
5398742
3115254
1763386
3911966
2899447
1877010
1776289
2815539
1818825
5247667
4474809
1121226
5717705
1400890
2613226
1044997
3692672
3411430
2515675
4611377
1024860
2797884
5023019
1421467
2699868
2086261
4141805
3333083
4705896
3365755
4360907
3013402
5466046
1964511
4961224
3396410
4063385
4321803
4288214
1864473
4843004
3838932
2436494
5926098
2850273
2022353
1426585
3617813
1403194
1235144
3861319
3294012
2886659
5522184
2296633
2216790
1941331
4046740
1782607
3024337
2734415
2322253
3227164
3528841
3498689
1438141
1711198
1004237
2895265
3356514
2376239
3231855
3030288
5434770
1334895
4772470
2327168
1088137
6016261
1051676
2030367
2472441
3315710
3180213
5266002
1474744
3530541
4186335
2958043
3779282
5446758
2440308
3954522
2183550
2333147
4631563
1970794
3135387
4931545
3202887
2880283
5873432
2781702
3002934
1293667
2833131
2661418
4720705
4886974
1799784
1079510
3729435
3899439
5925467
2816149
5331493
1178629
5441292
4184319
4242224
3128839
4056424
5160780
3087317
1140229
5501635
1570826
2072516
4789664
2882980
5964248
2826393
4143706
5777316
4978280
4701734
2277549
3056057
3312610
4453508
1936797
4081501
1155876
4054434
5465089
1983230
5897262
4235708
1059986
1948576
1022588
3872251
3980014
3841816
5297862
5995460
5904711
4447129
4938184
3757717
5627207
1881140
1487555
3020378
1914005
4164861
1947306
5099674
2566001
3255200
2167747
1961194
2359980
3894503
4413678
1221867
3106797
2239147
5972620
1950364
3954282
2937434
3647893
3100175
4164210
4069430
2853501
2613970
2852075
2150522
4854566
4061937
2672244
1352028
4026195
1805430
1291404
5340184
4772746
1448945
4594528
1457244
3257843
5806991
3663778
5994325
1577102
1562921
1311952
3081216
5427527
1932842
3399255
5395890
5647900
1438530
3068538
1974869
4029682
5645693
2986323
3254709
4676711
3119311
1873090
2181162
1641755
1737519
3177577
1517175
4598160
4854790
4395997
2411058
3970352
1114075
1603203
3877036
4800771
3604796
5465165
1475340
2287601
4941377
1720946
4497372
4063479
3495343
2281114
4112080
4886938
5654439
4857633
1226900
1116256
4222344
3550101
4002911
2798377
5269724
2991383
5442080
3366681
2748335
2304090
3174295
1043701
1501641
1873287
5008225
2336322
2464677
4201390
5961853
5022629
3728457
5896585
3943713
5074599
1265398
5405420
2727020
1544226
4732116
2127811
4172311
3342291
2697270
1079411
1399439
4673731
4055206
5329181
3664191
5787213
4338446
2578798
2009957
2923919
5296817
4016591
4775801
3797113
2001414
1369021
3536569
3010943
4861266
1369749
5576711
4043690
4289385
5259112
4794709
5962305
5208812
5279266
2594538
2896583
3541706
3886344
5010620
2484379
3002432
5553752
4200243
1739651
4112929
1088742
3926826
5421579
4195641
4610067
5825408
2657185
4810262
2192662
1641182
3559526
5324661
2001912
3481490
3634297
1246185
5092651
2022838
5717623
4413514
2489510
4574913
1315678
4614411
3898296
2066704
3866856
1654372
4768641
2476848
1760120
3088769
4221404
2112965
2502711
5694862
4508624
3564642
1893373
3664480
4904355
1327067
5325228
4298401
5611458
5791329
3854450
2058082
2149932
5055451
5696295
2516584
5588713
1651825
5140856
1218789
4124884
1723806
3983322
3630253
4331836
5137361
1501792
1056135
2382204
1613386
5245002
5909463
2457245
1362166
3298175
1557344
3389464
2000819
3632482
4495420
3631928
3725067
2029993
3700224
2097702
2850411
5465024
2493712
4247399
2595715
5250473
4541779
2515173
3860841
5931523
1658037
4010011
3209963
2036566
1787768
5791430
1074551
1444924
4117733
5981394
2101294
4157113
4647045
5372339
2893439
4611151
5138083
5949132
1420886
3648942
2610787
4250454
4709550
4106404
2462895
1452877
3798953
1581915
2315045
1049179
3465456
4427938
5073902
1664031
2157792
1604221
1601502
1096543
1203342
5672741
5791337
2788450
2773428
5789719
4336239
2343806
5613358
4294342
5358630
2320112
3716419
4463437
1926701
3824739
5149826
1469883
5713773
2193341
5397417
5521805
2964958
4033491
4428075
5786432
4202404
3488173
2598805
4976056
4597875
2340868
2932289
1638856
4512930
1747439
5182776
5964255
3355368
4968309
2278759
4140156
3256600
1986691
5208303
1178220
1330518
1623066
2342025
2052560
2615088
2546495
4498333
5223532
3258889
1122199
3519784
2487160
4943874
1592084
5740913
3515724
5684389
4308166
2125285
1229520
5951877
2192100
4744805
4034340
1313885
1305173
3445567
4504013
2828563
1760297
5766809
2250039
1166742
2299423
3830923
1203782
1992443
4717038
2629764
2001672
2839192
4056029
1309909
4816450
3753852
2740441
3841740
1114412
5970628
1978394
2111220
4983765
4934940
4757959
1791958
1027865
1951035
1088817
1158133
5315882
3712031
1106781
4034379
4027319
4357493
1376355
5205802
5171460
5341207
4032406
5580100
4800522
3438595
4894279
5198076
2253796
1889185
2146323
1545225
4377395
5761629
4984691
5856640
1176103
5078107
2966476
3238605
4430096
4301065
5266163
4011302
3263528
4247380
4380800
3120022
3127774
2454773
3097053
1595556
3108035
2329810
4331872
1182163
4065743
2575138
4713923
4506973
3366130
2601518
4676127
3876987
1593754
2363991
4254822
1103682
4231329
1917405
1723750
3404422
5982901
4751069
3077753
1794287
5518324
4590628
1049748
3252219
5897077
5010221
5141007
4638505
4130019
5756943
2675728
1312011
3126332
3087336
2653168
2839518
3218034
4742650
2321899
2013537
2966380
3383531
3298627
1594401
3379571
3841829
3800896
5792253
2989827
3877201
4526563
5437863
2096836
3322233
5430281
2184751
3493910
1897872
5310209
3336670
3562350
3421829
3014134
1441165
5061346
2301169
5605735
3320547
2692116
4205529
3967933
3486207
2746877
4385378
4648830
1686644
2205893
4711026
4084707
2912064
2761842
3852964
2997808
4306291
3095584
3907327
2778703
2287121
2790814
4743667
2226053
2994824
1347972
2072440
2215320
4170699
1493240
2839089
1457459
5862037
4230642
4731956
4389246
1583209
3094746
5878076
4641752
3822208
4044110
4910291
2751244
5831882
1264404
3392886
2583745
5972342
4241857
5960831
4256011
4721556
5080628
5309564
4683202
2504656
3495760
3638760
2201928
5382341
2943916
3569892
3726828
3056528
1630753
1886317
3271440
3516562
2525455
1599217
3464999
2895961
4859704
2809831
1279255
3620997
5988924
3442037
5191898
4852570
3368150
5472546
4784228
1055187
4592124
2088260
4219174
5878341
4252904
5826726
1068597
3448227
1323267
5415781
3968144
1150435
3477215
2299988
3228021
3372589
2311445
3942086
4307292
2907280
4472245